2631.4  -27.69905
2636.7  -17.84259
2642.0  -28.76487
2647.3  -23.72083
2652.6  -88.02058
2657.9  0.1576661
2663.2  -2.389301
2668.6  -16.96643
2673.9  -11.4534
2679.2  -50.81881
2684.5  158.4992
2689.8  22.73625
2695.1  -20.54594
2700.5  -15.18294
2705.8  -65.60602
2711.1  7.001763
2716.4  -30.43099
2721.7  53.91665
2727.0  10.38915
2732.3  -85.04443
2737.7  275.7513
2743.0  1009.252
2748.3  -27.48772
2753.6  125.1882
2758.9  135.2771
2764.2  -1336.848
2769.6  -6.111572
2774.9  54.22875
2780.2  36.23042
2785.5  -35.77937
2790.8  264.9493
2796.1  20.58305
2801.5  -687.8495
2806.8  -97.45402
2812.1  -310.0281
2817.4  39.80411
2822.7  -14.25478
2828.0  17.79941
2833.3  14.10101
2838.7  25.7599
2844.0  26.29687
2849.3  -77.76134
2854.6  287.1158
2859.9  13.84403
2865.2  10.15237
2870.6  -24.87164
2875.9  -20.41385
2881.2  23.43155
2886.5  14.40846
2891.8  40.24088
2897.1  54.28263
2902.5  -34.92425
2907.8  -54.7746
2913.1  56.42888
2918.4  -24.34829
2923.7  -24.94169
2929.0  19.4544
2934.3  24.73698
2939.7  -173.9888
2945.0  3.266591
2950.3  265.1489
2955.6  -114.9635
2960.9  -72.76755
2966.2  59.77658
2971.6  71.07552
2976.9  4.816602
2982.2  52.01097
2987.5  124.5513
2992.8  -82.18445
2998.1  -108.8075
3003.5  -20.15056
3008.8  -1.278293
3014.1  35.27732
3019.4  -153.7121
3024.7  -11.49055
3030.0  -20.99023
3035.3  400.3255
3040.7  -24.92946
3046.0  -26.06461
3051.3  -122.314
3056.6  29.48456
3061.9  -69.26228
3067.2  -48.02291
3072.6  4.439442
3077.9  -9.77661
3083.2  -26.82487
3088.5  -79.61353
3093.8  -129.599
3099.1  -355.6252
3104.5  -9.315431
3109.8  -6.158274
3115.1  -26.98431
3120.4  -24.71487
3125.7  -5.584678
3131.0  -5.091533
3136.3  -26.22271
3141.7  -46.74605
3147.0  -2.249696
3152.3  -2.506347
3157.6  -8.792528
3162.9  -11.51117
3168.2  -14.67322
3173.6  -13.91739
3178.9  -11.9287
3184.2  -2.08586
3189.5  0.5181254
3194.8  -8.814991
3200.1  -5.880772
3205.4  -6.01992
3210.8  -3.128659
3216.1  -6.065915
3221.4  -10.711
3226.7  -4.130132
3232.0  -0.007960516
3237.3  -4.075121
3242.7  -3.113293
3248.0  -2.564106
3253.3  -1.875687
3258.6  -3.971178
3263.9  -4.601718
3269.2  -2.759404
3274.6  -2.355726
3279.9  -2.615367
3285.2  -2.23308
3290.5  -2.579367
3295.8  -1.73451
3301.1  0.1295642
3306.4  -2.172995
3311.8  -2.220847
3317.1  -1.814878
3322.4  -0.0624612
3327.7  -1.423697
3333.0  0.1407789
3338.3  -2.281016
3343.7  -0.6884792
3349.0  -2.099657
3354.3  -0.9792529
3359.6  -1.280047
3364.9  -1.262113
3370.2  0.2088132
3375.6  -1.19256
3380.9  -1.770595
3386.2  -0.1722098
3391.5  0.6539784
3396.8  -1.722709
3402.1  -0.8744745
3407.4  -0.9606653
3412.8  -1.11327
3418.1  -0.8115913
3423.4  -0.2994799
3428.7  0.4974166
3434.0  -0.9097491
3439.3  -0.9839706
3444.7  -0.7953454
3450.0  -0.7852333
3455.3  -0.5066968
3460.6  -0.2650073
3465.9  -0.2837234
3471.2  0.3499456
3476.6  -0.3563113
3481.9  -0.2155619
3487.2  0.1600095
3492.5  -0.8122293
3497.8  -0.6045153
3503.1  -0.07580326
3508.4  -0.4596433
3513.8  -0.03638575
3519.1  0.5048733
3524.4  0.2651072
3529.7  -0.0818896
3535.0  -0.1345379
3540.3  -0.4136313
3545.7  -0.3784543
3551.0  -0.3163671
3556.3  0.5927184
3561.6  -0.1349999
3566.9  0.5607744
3572.2  0.052947
3577.5  0.06398547
3582.9  0.2644987
3588.2  0.01461195
3593.5  0.001197502
3598.8  0.4816278
3604.1  0.334714
3609.4  0.1642714
3614.8  0.1772472
3620.1  0.4130802
3625.4  0.2432479
3630.7  0.4607296
3636.0  0.3651917
3641.3  0.2848909
3646.7  0.1503678
3652.0  0.3045267
3657.3  0.281056
3662.6  0.2289793
3667.9  0.3499944
3673.2  0.3960558
3678.5  0.4512369
3683.9  0.6416645
3689.2  0.4061159
3694.5  0.3997414
3699.8  0.346637
3705.1  0.4691137
3710.4  0.4265845
3715.8  0.3066138
3721.1  0.4039274
3726.4  0.3713051
3731.7  0.4070109
3737.0  0.485269
3742.3  0.4619035
3747.7  0.4742032
3753.0  0.3963583
3758.3  0.4310242
3763.6  0.4557472
3768.9  0.4559096
3774.2  0.4571509
3779.5  0.5731176
3784.9  0.640261
3790.2  0.5274866
3795.5  0.5219636
3800.8  0.4382101
3806.1  0.4900663
3811.4  0.5546132
3816.8  0.335044
3822.1  0.4287951
3827.4  0.5099212
3832.7  0.2710038
3838.0  0.4958585
3843.3  0.5739232
3848.7  0.4247007
3854.0  0.5556263
3859.3  0.5009339
3864.6  0.5351989
3869.9  0.4697722
3875.2  0.4857498
3880.5  0.5339969
3885.9  0.4913408
3891.2  0.5272105
3896.5  0.5929734
3901.8  0.4907334
3907.1  0.5547981
3912.4  0.564431
3917.8  0.486038
3923.1  0.5697133
3928.4  0.5321471
3933.7  0.5224879
3939.0  0.5818219
3944.3  0.5383249
3949.7  0.5254632
3955.0  0.5257434
3960.3  0.4927523
3965.6  0.4640955
3970.9  0.5912215
3976.2  0.6240737
3981.5  0.5759364
3986.9  0.5799621
3992.2  0.6159148
3997.5  0.6122225
4002.8  0.6276063
4008.1  0.6089259
4013.4  0.6470503
4018.8  0.661589
4024.1  0.5981869
4029.4  0.5670419
4034.7  0.5963829
4040.0  0.6368644
4045.3  0.6344864
4050.6  0.592985
4056.0  0.6339243
4061.3  0.6210991
4066.6  0.6122159
4071.9  0.5785663
4077.2  0.616348
4082.5  0.6422448
4087.9  0.6453177
4093.2  0.622164
4098.5  0.6403641
4103.8  0.6167265
4109.1  0.7028797
4114.4  0.6347623
4119.8  0.6219636
4125.1  0.6489477
4130.4  0.654551
4135.7  0.6728932
4141.0  0.6738707
4146.3  0.6014447
4151.6  0.6008269
4157.0  0.663918
4162.3  0.6173514
4167.6  0.6813896
4172.9  0.6544298
4178.2  0.6372638
4183.5  0.6726337
4188.9  0.6827191
4194.2  0.6390185
4199.5  0.6589761
4204.8  0.6702189
4210.1  0.6765383
4215.4  0.6310925
4220.8  0.72201
4226.1  0.6964511
4231.4  0.6828564
4236.7  0.6893833
4242.0  0.6987337
4247.3  0.7091854
4252.6  0.6969396
4258.0  0.7097486
4263.3  0.6700962
4268.6  0.643556
4273.9  0.7192265
4279.2  0.6750712
4284.5  0.6632367
4289.9  0.6937466
4295.2  0.6657754
4300.5  0.6460426
4305.8  0.6830581
4311.1  0.6566237
4316.4  0.6675026
4321.8  0.7153856
4327.1  0.7337385
4332.4  0.715315
4337.7  0.6956966
4343.0  0.7244532
4348.3  0.6971567
4353.6  0.6892313
4359.0  0.7104853
4364.3  0.69482
4369.6  0.7269893
4374.9  0.7184963
4380.2  0.6867241
4385.5  0.6678149
4390.9  0.710172
4396.2  0.6850365
4401.5  0.742186
4406.8  0.7316691
4412.1  0.7121316
4417.4  0.7210441
4422.8  0.7433379
4428.1  0.7417074
4433.4  0.6910973
4438.7  0.7088888
4444.0  0.7045567
4449.3  0.7272231
4454.6  0.7293371
4460.0  0.7875565
4465.3  0.7573963
4470.6  0.746863
4475.9  0.7524895
4481.2  0.71973
4486.5  0.7277451
4491.9  0.7195377
4497.2  0.7184905
4502.5  0.7153029
4507.8  0.7236576
4513.1  0.7121414
4518.4  0.7370107
4523.7  0.7235295
4529.1  0.7422841
4534.4  0.7443296
4539.7  0.7530056
4545.0  0.7228582
4550.3  0.8021594
4555.6  0.73018
4561.0  0.7330733
4566.3  0.7538776
4571.6  0.7562889
4576.9  0.775555
4582.2  0.7610561
4587.5  0.7509882
4592.9  0.7306427
4598.2  0.7672866
4603.5  0.7714753
4608.8  0.7525999
4614.1  0.7642915
4619.4  0.7501262
4624.7  0.785694
4630.1  0.7743077
4635.4  0.7540995
4640.7  0.7730131
4646.0  0.7648529
4651.3  0.7724401
4656.6  0.7955074
4662.0  0.7859567
4667.3  0.7871643
4672.6  0.7823636
4677.9  0.7898494
4683.2  0.785534
4688.5  0.7818143
4693.9  0.796066
4699.2  0.7747767
4704.5  0.8065318
4709.8  0.7675507
4715.1  0.7772921
4720.4  0.8054026
4725.7  0.8010702
4731.1  0.8023091
4736.4  0.7878031
4741.7  0.8024583
4747.0  0.8209321
4752.3  0.8151441
4757.6  0.7875652
4763.0  0.8029453
4768.3  0.8348578
4773.6  0.8241595
4778.9  0.8154498
4784.2  0.8240675
4789.5  0.8074577
4794.9  0.843168
4800.2  0.8448468
4805.5  0.8461629
4810.8  0.8522953
4816.1  0.8309026
4821.4  0.8259296
4826.7  0.8170403
4832.1  0.8209186
4837.4  0.8286687
4842.7  0.8445572
4848.0  0.8332629
4853.3  0.8122248
4858.6  0.7996135
4864.0  0.8028783
4869.3  0.8144067
4874.6  0.8530356
4879.9  0.8645574
4885.2  0.8664075
4890.5  0.8832134
4895.9  0.8826804
4901.2  0.8584182
4906.5  0.8421615
4911.8  0.8350455
4917.1  0.8489844
4922.4  0.8556486
4927.7  0.8497486
4933.1  0.8803747
4938.4  0.8350633
4943.7  0.8681598
4949.0  0.8692009
4954.3  0.8469583
4959.6  0.8621888
4965.0  0.8751339
4970.3  0.8704314
4975.6  0.874075
4980.9  0.8647363
4986.2  0.8744305
4991.5  0.8722191
4996.8  0.8600642
5002.2  0.875678
5007.5  0.8709303
5012.8  0.8576525
5018.1  0.8775852
5023.4  0.8764481
5028.7  0.8706316
5034.1  0.8783683
5039.4  0.8882236
5044.7  0.8812644
5050.0  0.9007574
5055.3  0.8915902
5060.6  0.8766838
5066.0  0.9078314
5071.3  0.8852571
5076.6  0.8876218
5081.9  0.8927743
5087.2  0.8823454
5092.5  0.887229
5097.8  0.9032217
5103.2  0.8941144
5108.5  0.9051879
5113.8  0.8903604
5119.1  0.9085383
5124.4  0.8955897
5129.7  0.914534
5135.1  0.8864651
5140.4  0.8940054
5145.7  0.9189681
5151.0  0.9007354
5156.3  0.905686
5161.6  0.917156
5167.0  0.9024556
5172.3  0.9350497
5177.6  0.8855215
5182.9  0.9230115
5188.2  0.9306099
5193.5  0.9405693
5198.8  0.9381566
5204.2  0.9348262
5209.5  0.9285181
5214.8  0.9385954
5220.1  0.9482012
5225.4  0.9558234
5230.7  0.9228681
5236.1  0.9490589
5241.4  0.9242005
5246.7  0.9257362
5252.0  0.9381204
5257.3  0.9381362
5262.6  0.9483586
5268.0  0.9178599
5273.3  0.9268196
5278.6  0.9710918
5283.9  0.9399651
5289.2  0.9429275
5294.5  0.9512231
5299.8  0.9634616
5305.2  0.9595583
5310.5  0.9489012
5315.8  0.9547145
5321.1  0.9562722
5326.4  0.9144934
5331.7  0.9472709
5337.1  0.9435213
5342.4  0.9595894
5347.7  0.9655493
5353.0  0.9752545
5358.3  0.9561656
5363.6  0.9359481
5369.0  0.9793142
5374.3  0.9705274
5379.6  0.9585972
5384.9  0.9613549
5390.2  0.9630605
5395.5  0.9663847
5400.8  0.9570866
5406.2  0.960062
5411.5  0.9709158
5416.8  0.9700693
5422.1  0.9789076
5427.4  0.9709718
5432.7  0.9683787
5438.1  0.9852818
5443.4  0.95127
5448.7  1.021255
5454.0  1.015878
5459.3  0.9825317
5464.6  1.013021
5469.9  0.9895468
5475.3  0.9749209
5480.6  1.011049
5485.9  1.008434
5491.2  1.008626
5496.5  1.002352
5501.8  0.9999809
5507.2  0.9945657
5512.5  0.9890125
5517.8  1.017783
5523.1  0.99992
5528.4  1.014309
5533.7  1.016357
5539.1  1.002647
5544.4  1.025201
5549.7  1.023772
5555.0  1.025791
5560.3  1.035314
5565.6  1.022048
5570.9  1.010633
5576.3  1.020702
5581.6  1.03134
5586.9  0.998708
5592.2  1.025188
5597.5  1.02639
5602.8  1.019681
5608.2  1.030939
5613.5  1.019767
5618.8  1.035773
5624.1  1.010581
5629.4  1.028829
5634.7  1.014766
5640.1  1.006281
5645.4  1.018728
5650.7  1.016579
5656.0  1.033527
5661.3  1.038996
5666.6  1.035493
5671.9  1.035287
5677.3  1.023914
5682.6  1.049904
5687.9  1.042929
5693.2  1.030476
5698.5  1.024482
5703.8  1.052954
5709.2  1.029023
5714.5  1.023013
5719.8  1.060838
5725.1  1.064323
5730.4  1.036046
5735.7  1.050573
5741.1  1.05507
5746.4  1.062765
5751.7  1.057417
5757.0  1.040881
5762.3  1.054986
5767.6  1.059819
5772.9  1.045068
5778.3  1.036947
5783.6  1.066291
5788.9  1.063035
5794.2  1.041727
5799.5  1.064035
5804.8  1.057193
5810.2  1.070153
5815.5  1.07777
5820.8  1.065952
5826.1  1.057879
5831.4  1.071625
5836.7  1.04678
5842.0  1.072914
5847.4  1.089278
5852.7  1.074018
5858.0  1.094449
5863.3  1.058744
5868.6  1.047632
5873.9  1.086741
5879.3  1.082572
5884.6  1.059477
5889.9  1.066486
5895.2  1.099524
5900.5  1.082521
5905.8  1.092483
5911.2  1.080844
5916.5  1.073824
5921.8  1.107636
5927.1  1.108675
5932.4  1.104729
5937.7  1.100043
5943.0  1.092214
5948.4  1.086931
5953.7  1.081536
5959.0  1.106639
5964.3  1.104548
5969.6  1.109391
5974.9  1.101868
5980.3  1.105004
5985.6  1.085148
5990.9  1.074381
5996.2  1.094984
6001.5  1.103166
6006.8  1.105653
6012.2  1.127513
6017.5  1.09434
6022.8  1.09861
6028.1  1.106105
6033.4  1.116759
6038.7  1.103233
6044.0  1.100611
6049.4  1.114427
6054.7  1.126112
6060.0  1.110202
6065.3  1.101351
6070.6  1.110459
6075.9  1.120375
6081.3  1.130272
6086.6  1.122815
6091.9  1.118617
6097.2  1.123271
6102.5  1.120652
6107.8  1.120401
6113.2  1.119049
6118.5  1.113844
6123.8  1.133768
6129.1  1.12636
6134.4  1.13133
6139.7  1.120584
6145.0  1.130494
6150.4  1.139828
6155.7  1.11456
6161.0  1.14362
6166.3  1.126661
6171.6  1.116791
6176.9  1.145959
6182.3  1.145923
6187.6  1.136692
6192.9  1.166403
6198.2  1.134986
6203.5  1.160165
6208.8  1.140469
6214.2  1.14769
6219.5  1.135348
6224.8  1.142975
6230.1  1.14667
6235.4  1.149866
6240.7  1.15043
6246.0  1.149612
6251.4  1.163411
6256.7  1.132459
6262.0  1.149369
6267.3  1.146763
6272.6  1.167295
6277.9  1.154035
6283.3  1.155653
6288.6  1.150484
6293.9  1.145198
6299.2  1.132599
6304.5  1.179122
6309.8  1.155987
6315.1  1.173639
6320.5  1.194708
6325.8  1.187225
6331.1  1.160875
6336.4  1.185273
6341.7  1.154234
6347.0  1.206009
6352.4  1.171048
6357.7  1.172824
6363.0  1.176285
6368.3  1.190463
6373.6  1.160201
6378.9  1.165339
6384.3  1.157467
6389.6  1.184842
6394.9  1.168491
6400.2  1.169744
6405.5  1.164537
6410.8  1.15445
6416.1  1.167143
6421.5  1.18704
6426.8  1.165659
6432.1  1.171074
6437.4  1.169352
6442.7  1.183125
6448.0  1.176598
6453.4  1.197361
6458.7  1.162151
6464.0  1.175905
6469.3  1.185455
6474.6  1.166419
6479.9  1.176706
6485.3  1.192097
6490.6  1.194787
6495.9  1.186467
6501.2  1.186821
6506.5  1.201438
6511.8  1.180862
6517.1  1.197413
6522.5  1.201188
6527.8  1.199476
6533.1  1.162397
6538.4  1.184569
6543.7  1.193449
6549.0  1.175252
6554.4  1.200344
6559.7  1.151616
6565.0  1.172705
6570.3  1.180623
6575.6  1.202313
6580.9  1.215383
6586.3  1.189615
6591.6  1.217123
6596.9  1.22876
6602.2  1.208573
6607.5  1.219754
6612.8  1.193874
6618.1  1.183939
6623.5  1.21775
6628.8  1.20209
6634.1  1.191765
6639.4  1.2144
6644.7  1.204136
6650.0  1.197222
6655.4  1.206986
6660.7  1.213763
6666.0  1.214598
6671.3  1.207969
6676.6  1.219726
6681.9  1.207701
6687.3  1.213592
6692.6  1.213709
6697.9  1.230515
6703.2  1.21223
6708.5  1.219999
6713.8  1.220127
6719.1  1.220745
6724.5  1.2175
6729.8  1.213189
6735.1  1.214218
6740.4  1.223595
6745.7  1.226586
6751.0  1.224314
6756.4  1.214754
6761.7  1.238834
6767.0  1.234651
6772.3  1.240527
6777.6  1.237073
6782.9  1.242446
6788.2  1.247988
6793.6  1.226105
6798.9  1.226751
6804.2  1.248938
6809.5  1.238267
6814.8  1.243106
6820.1  1.255076
6825.5  1.241129
6830.8  1.241628
6836.1  1.251447
6841.4  1.244604
6846.7  1.242558
6852.0  1.258267
6857.4  1.247466
6862.7  1.230965
6868.0  1.237947
6873.3  1.221984
6878.6  1.21727
6883.9  1.240228
6889.2  1.260665
6894.6  1.24617
6899.9  1.277002
6905.2  1.281956
6910.5  1.282571
6915.8  1.275402
6921.1  1.282969
6926.5  1.269484
6931.8  1.243219
6937.1  1.266663
6942.4  1.280867
6947.7  1.264134
6953.0  1.255988
6958.4  1.265731
6963.7  1.265248
6969.0  1.25357
6974.3  1.243572
6979.6  1.242807
6984.9  1.255784
6990.2  1.26738
6995.6  1.259748
7000.9  1.262383
7006.2  1.254941
7011.5  1.261937
7016.8  1.266241
7022.1  1.249074
7027.5  1.255781
7032.8  1.271945
7038.1  1.26342
7043.4  1.250504
7048.7  1.262836
7054.0  1.286183
7059.4  1.288362
7064.7  1.260249
7070.0  1.24746
7075.3  1.258035
7080.6  1.267379
7085.9  1.273883
7091.2  1.282456
7096.6  1.268805
7101.9  1.260363
7107.2  1.259336
7112.5  1.259992
7117.8  1.265749
7123.1  1.277632
7128.5  1.273092
7133.8  1.275076
7139.1  1.283689
7144.4  1.291102
7149.7  1.275776
7155.0  1.302557
7160.4  1.289841
7165.7  1.286815
7171.0  1.280555
7176.3  1.251877
7181.6  1.272583
7186.9  1.263704
7192.2  1.299977
7197.6  1.296046
7202.9  1.29264
7208.2  1.292453
7213.5  1.290418
7218.8  1.309788
7224.1  1.303912
7229.5  1.285764
7234.8  1.318701
7240.1  1.286732
7245.4  1.273868
7250.7  1.265548
7256.0  1.288439
7261.3  1.285133
7266.7  1.279584
7272.0  1.307865
7277.3  1.313858
7282.6  1.301676
7287.9  1.278667
7293.2  1.270548
7298.6  1.290411
7303.9  1.290145
7309.2  1.281264
7314.5  1.292942
7319.8  1.313354
7325.1  1.2996
7330.5  1.265036
7335.8  1.313598
7341.1  1.314124
7346.4  1.30191
7351.7  1.308287
7357.0  1.31942
7362.3  1.3076
7367.7  1.307006
7373.0  1.283225
7378.3  1.273646
7383.6  1.266418
7388.9  1.299146
7394.2  1.275476
7399.6  1.263382
7404.9  1.295682
7410.2  1.291803
7415.5  1.274988
7420.8  1.302472
7426.1  1.267173
7431.5  1.269541
7436.8  1.29204
7442.1  1.296446
7447.4  1.270489
7452.7  1.301276
7458.0  1.270252
7463.3  1.281103
7468.7  1.292018
7474.0  1.302211
7479.3  1.302649
7484.6  1.294898
7489.9  1.308585
7495.2  1.29768
7500.6  1.295601
7505.9  1.291201
7511.2  1.288915
7516.5  1.296256
7521.8  1.308973
7527.1  1.285451
7532.5  1.27828
7537.8  1.29613
7543.1  1.29378
7548.4  1.313029
7553.7  1.300657
7559.0  1.274811
7564.3  1.281804
7569.7  1.294149
7575.0  1.267985
7580.3  1.263287
7585.6  1.27431
7590.9  1.266425
7596.2  1.284823
7601.6  1.279566
7606.9  1.279566
7612.2  1.290079
7617.5  1.286137
7622.8  1.294679
7628.1  1.309134
7633.5  1.283508
7638.8  1.301661
7644.1  1.294226
7649.4  1.282719
7654.7  1.291216
7660.0  1.277939
7665.3  1.282542
7670.7  1.297236
7676.0  1.283781
7681.3  1.290331
7686.6  1.289446
7691.9  1.287322
7697.2  1.294226
7702.6  1.293341
7707.9  1.300599
7713.2  1.300599
7718.5  1.280595
7723.8  1.282395
7729.1  1.291188
7734.4  1.299291
7739.8  1.310209
7745.1  1.297127
7750.4  1.298167
7755.7  1.318705
7761.0  1.290607
7766.3  1.266062
7771.7  1.287918
7777.0  1.317312
7782.3  1.276404
7787.6  1.273854
7792.9  1.285478
7798.2  1.295126
7803.6  1.284152
7808.9  1.249967
7814.2  1.264208
7819.5  1.272868
7824.8  1.296241
7830.1  1.265792
7835.4  1.278208
7840.8  1.288698
7846.1  1.282826
7851.4  1.284774
7856.7  1.311793
7862.0  1.30085
7867.3  1.286724
7872.7  1.27683
7878.0  1.272167
7883.3  1.290829
7888.6  1.296943
7893.9  1.285326
7899.2  1.264867
7904.6  1.283297
7909.9  1.237223
7915.2  1.238603
7920.5  1.225049
7925.8  1.270592
7931.1  1.278591
7936.4  1.243928
7941.8  1.243872
7947.1  1.276132
7952.4  1.274317
7957.7  1.281004
7963.0  1.247933
7968.3  1.244433
7973.7  1.248238
7979.0  1.228536
7984.3  1.261516
7989.6  1.244153
7994.9  1.228491
8000.2  1.262999
8005.6  1.25294
8010.9  1.244977
8016.2  1.227783
8021.5  1.212763
8026.8  1.246776
8032.1  1.232883
8037.4  1.242823
8042.8  1.215838
8048.1  1.241587
8053.4  1.242822
8058.7  1.233419
8064.0  1.239082
8069.3  1.232337
8074.7  1.234854
8080.0  1.247964
8085.3  1.227209
8090.6  1.197589
8095.9  1.232575
8101.2  1.260622
8106.5  1.210333
8111.9  1.212493
8117.2  1.217073
8122.5  1.216052
8127.8  1.215693
8133.1  1.215223
8138.4  1.209267
8143.8  1.207633
8149.1  1.2291
8154.4  1.191821
8159.7  1.199196
8165.0  1.202644
8170.3  1.190516
8175.7  1.193532
8181.0  1.216953
8186.3  1.223344
8191.6  1.214761
8196.9  1.191567
8202.2  1.181107
8207.5  1.196118
8212.9  1.218554
8218.2  1.214625
8223.5  1.218186
8228.8  1.205087
8234.1  1.185706
8239.4  1.215828
8244.8  1.227198
8250.1  1.217905
8255.4  1.209706
8260.7  1.203398
8266.0  1.232412
8271.3  1.21697
8276.7  1.197365
8282.0  1.204488
8287.3  1.207952
8292.6  1.223443
8297.9  1.201439
8303.2  1.207019
8308.5  1.190238
8313.9  1.18137
8319.2  1.205193
8324.5  1.197056
8329.8  1.194019
8335.1  1.23564
8340.4  1.22566
8345.8  1.189884
8351.1  1.213462
8356.4  1.184163
8361.7  1.21558
8367.0  1.176118
8372.3  1.195235
8377.7  1.206023
8383.0  1.18995
8388.3  1.204085
8393.6  1.184841
8398.9  1.187826
8404.2  1.210482
8409.5  1.20269
8414.9  1.197326
8420.2  1.219074
8425.5  1.176159
8430.8  1.166551
8436.1  1.170931
8441.4  1.149017
8446.8  1.173397
8452.1  1.176265
8457.4  1.212161
8462.7  1.202598
8468.0  1.181234
8473.3  1.199156
8478.7  1.187
8484.0  1.173742
8489.3  1.145927
8494.6  1.161041
8499.9  1.160891
8505.2  1.140542
8510.5  1.186553
8515.9  1.188623
8521.2  1.178374
8526.5  1.196377
8531.8  1.15435
8537.1  1.125239
8542.4  1.128568
8547.8  1.143539
8553.1  1.132959
8558.4  1.139314
8563.7  1.187657
8569.0  1.193678
8574.3  1.168763
8579.6  1.189842
8585.0  1.164723
8590.3  1.188982
8595.6  1.171179
8600.9  1.159889
8606.2  1.176356
8611.5  1.170828
8616.9  1.145792
8622.2  1.184265
8627.5  1.165027
8632.8  1.187219
8638.1  1.188963
8643.4  1.198846
8648.8  1.157514
8654.1  1.157934
8659.4  1.178556
8664.7  1.132858
8670.0  1.142359
8675.3  1.147421
8680.6  1.177174
8686.0  1.188789
8691.3  1.19665
8696.6  1.194488
8701.9  1.154046
8707.2  1.157587
8712.5  1.144154
8717.9  1.165556
8723.2  1.183656
8728.5  1.149348
8733.8  1.124495
8739.1  1.125807
8744.4  1.147512
8749.8  1.141189
8755.1  1.151636
8760.4  1.189226
8765.7  1.179262
8771.0  1.165023
8776.3  1.170483
8781.6  1.136889
8787.0  1.165083
8792.3  1.191414
8797.6  1.180572
8802.9  1.2004
8808.2  1.175913
8813.5  1.147887
8818.9  1.141081
8824.2  1.152046
8829.5  1.15336
8834.8  1.143967
8840.1  1.176832
8845.4  1.180827
8850.8  1.142735
8856.1  1.116662
8861.4  1.134678
8866.7  1.197567
8872.0  1.1119
8877.3  1.148825
8882.6  1.183806
8888.0  1.189018
8893.3  1.174731
8898.6  1.157868
8903.9  1.147198
8909.2  1.144667
8914.5  1.156307
8919.9  1.166005
8925.2  1.155902
8930.5  1.115299
8935.8  1.183738
8941.1  1.143234
8946.4  1.13671
8951.8  1.159225
8957.1  1.156957
8962.4  1.162028
8967.7  1.131257
8973.0  1.157803
8978.3  1.163414
8983.6  1.158447
8989.0  1.153742
8994.3  1.171786
8999.6  1.172507
9004.9  1.174763
9010.2  1.187333
9015.5  1.145135
9020.9  1.148136
9026.2  1.152753
9031.5  1.17479
9036.8  1.186457
9042.1  1.184666
9047.4  1.197206
9052.7  1.161348
9058.1  1.14526
9063.4  1.114591
9068.7  1.112209
9074.0  1.121852
9079.3  1.126537
9084.6  1.142921
9090.0  1.126708
9095.3  1.123313
9100.6  1.159378
9105.9  1.162629
9111.2  1.115496
9116.5  1.128153
9121.9  1.168346
9127.2  1.157424
9132.5  1.131935
9137.8  1.174538
9143.1  1.122058
9148.4  1.111609
9153.7  1.142057
9159.1  1.178312
9164.4  1.19281
9169.7  1.132161
9175.0  1.100695
9180.3  1.127285
9185.6  1.139561
9191.0  1.154729
9196.3  1.147873
9201.6  1.131173
9206.9  1.132258
9212.2  1.10823
9217.5  1.102602
9222.9  1.132574
9228.2  1.135161
9233.5  1.141977
9238.8  1.115938
9244.1  1.103158
9249.4  1.128437
9254.7  1.16249
9260.1  1.153975
9265.4  1.087458
9270.7  1.111836
9276.0  1.118487
9281.3  1.115019
9286.6  1.127018
9292.0  1.136212
9297.3  1.100834
9302.6  1.115969
9307.9  1.155056
9313.2  1.101134
9318.5  1.096999
9323.9  1.148783
9329.2  1.130977
9334.5  1.143717
9339.8  1.116333
9345.1  1.158213
9350.4  1.141017
9355.7  1.187692
9361.1  1.121577
9366.4  1.16793
9371.7  1.159456
9377.0  1.1837
9382.3  1.158897
9387.6  1.134751
9393.0  1.163446
9398.3  1.135257
9403.6  1.177544
9408.9  1.151938
9414.2  1.119818
9419.5  1.152358
9424.9  1.160844
9430.2  1.126153
9435.5  1.129731
9440.8  1.136284
9446.1  1.157836
9451.4  1.125431
9456.7  1.148916
9462.1  1.149406
9467.4  1.158113
9472.7  1.104908
9478.0  1.111437
9483.3  1.144981
9488.6  1.181235
9494.0  1.165534
9499.3  1.204938
9504.6  1.115531
9509.9  1.156643
9515.2  1.143156
9520.5  1.176448
9525.8  1.157637
9531.2  1.12211
9536.5  1.148099
9541.8  1.161072
9547.1  1.141001
9552.4  1.144856
9557.7  1.135487
9563.1  1.121088
9568.4  1.137751
9573.7  1.14383
9579.0  1.125884
9584.3  1.170259
9589.6  1.140833
9595.0  1.140978
9600.3  1.125961
9605.6  1.123096
9610.9  1.136721
9616.2  1.155612
9621.5  1.155883
9626.8  1.13525
9632.2  1.153927
9637.5  1.120641
9642.8  1.129776
9648.1  1.203134
9653.4  1.141073
9658.7  1.117333
9664.1  1.141005
9669.4  1.16598
9674.7  1.147632
9680.0  1.128619
9685.3  1.136347
9690.6  1.146098
9696.0  1.116204
9701.3  1.10172
9706.6  1.134184
9711.9  1.125344
9717.2  1.145426
9722.5  1.164502
9727.8  1.101888
9733.2  1.092625
9738.5  1.116573
9743.8  1.063831
9749.1  1.110616
9754.4  1.148047
9759.7  1.117611
9765.1  1.161244
9770.4  1.135014
9775.7  1.098311
9781.0  1.15149
9786.3  1.152123
9791.6  1.136529
9797.0  1.1649
9802.3  1.143533
9807.6  1.141499
9812.9  1.162001
9818.2  1.141447
9823.5  1.176167
9828.8  1.136114
9834.2  1.12181
9839.5  1.148393
9844.8  1.098437
9850.1  1.109312
9855.4  1.142913
9860.7  1.087625
9866.1  1.152677
9871.4  1.117739
9876.7  1.073675
9882.0  1.102233
9887.3  1.170586
9892.6  1.114263
9898.0  1.085442
9903.3  1.16591
9908.6  1.12451
9913.9  1.143207
9919.2  1.153566
9924.5  1.127203
9929.8  1.111342
9935.2  1.161405
9940.5  1.229859
9945.8  1.118871
9951.1  1.119229
9956.4  1.178213
9961.7  1.129222
9967.1  1.168385
9972.4  1.150571
9977.7  1.236206
9983.0  1.083308
9988.3  1.145165
9993.6  1.180893
9998.9  1.148882
1.0E4  1.128629
1.0E4  1.169279
1.0E4  1.1422
1.0E4  1.13736
1.0E4  1.163492
1.0E4  1.131446
1.0E4  1.172534
1.0E4  1.133732
1.0E4  1.109666
1.0E4  1.077335
1.0E4  1.141431
1.0E4  1.110089
1.0E4  1.052307
1.0E4  1.034685
1.0E4  1.050722
1.0E4  1.104129
1.0E4  1.129113
1.0E4  1.101476
1.0E4  1.079353
1.0E4  1.094929
1.0E4  1.008956
1.0E4  1.09762
1.0E4  1.075487
1.0E4  1.083787
1.0E4  1.103296
1.0E4  1.104443
1.0E4  1.069925
1.0E4  1.055698
1.0E4  1.008137
1.0E4  1.077984
1.0E4  1.165574
1.0E4  1.08121
1.0E4  1.068589
1.0E4  1.179089
1.0E4  1.124154
1.0E4  1.099682
1.0E4  1.130479
1.0E4  1.14421
1.0E4  1.076961
1.0E4  1.109312
1.0E4  1.066117
1.0E4  1.02703
1.0E4  1.102781
1.0E4  1.103451
1.0E4  1.03858
1.0E4  0.9413541
1.0E4  1.158051
1.0E4  1.061481
1.0E4  0.9139317
1.0E4  1.08424
1.0E4  1.068993
1.0E4  1.018922
1.0E4  1.007141
1.0E4  1.067686
1.0E4  1.140294
1.0E4  1.151715
1.0E4  1.030129
1.0E4  0.9854472
1.0E4  1.102276
1.0E4  1.12817
1.0E4  1.13941
1.0E4  1.005608
1.0E4  1.026117
1.0E4  1.025391
1.0E4  1.014228
1.0E4  1.038348
1.0E4  0.9358303
1.0E4  1.03771
1.0E4  1.185618
1.0E4  0.9681394
1.0E4  0.9483831
1.0E4  0.9608989
1.0E4  1.011075
1.0E4  0.9779534
1.0E4  1.037352
1.0E4  1.091235
1.0E4  1.029875
1.0E4  1.089475
1.0E4  1.221789
1.0E4  0.9223441
1.0E4  0.9482118
1.0E4  0.9716341
1.0E4  1.048933
1.0E4  0.9443951
1.0E4  0.8143644
1.0E4  0.9250847
1.0E4  0.8383397
1.0E4  1.049156
1.0E4  1.156148
1.0E4  1.015087
1.0E4  0.869072
1.0E4  0.7874244
1.0E4  1.006478
1.0E4  0.8555855
1.1E4  1.002113
1.1E4  0.8727418
1.1E4  0.9902419
1.1E4  0.9081179
1.1E4  0.9219686
1.1E4  0.7387215
1.1E4  0.934256
1.1E4  1.008262
1.1E4  0.8604315
1.1E4  0.7670135
1.1E4  0.8931547
1.1E4  1.001285
1.1E4  0.8700046
1.1E4  0.7983584
1.1E4  0.8049779
1.1E4  0.823443
1.1E4  0.9729615
1.1E4  0.8076646
1.1E4  0.9672738
1.1E4  0.9331542
1.1E4  0.8883375
1.1E4  0.7296236
1.1E4  0.9053609
1.1E4  0.965797
1.1E4  0.913363
1.1E4  0.9062498
1.1E4  0.8346706
1.1E4  0.8901194
1.1E4  0.9012038
1.1E4  0.902964
1.1E4  0.7270162
1.1E4  0.6425484
1.1E4  0.889173
1.1E4  0.9106269
1.1E4  0.7175305
1.1E4  0.792349
1.1E4  1.017545
1.1E4  0.9563756
1.1E4  0.9800913
1.1E4  0.9277294
1.1E4  0.7575997
1.1E4  0.6727754
1.1E4  0.8466138
1.1E4  0.9435144
1.1E4  1.019264
1.1E4  0.9360576
1.1E4  0.8480072
1.1E4  0.7287634
1.1E4  0.908294
1.1E4  0.8829989
1.1E4  0.9462509
1.1E4  0.9409145
1.1E4  0.7238234
1.1E4  0.6479689
1.1E4  0.8704064
1.1E4  0.958079
1.1E4  0.7694339
1.1E4  0.6978036
1.1E4  0.8139263
1.1E4  0.7671625
1.1E4  0.6877527
1.1E4  0.8777814
1.1E4  0.8648869
1.1E4  0.6567741
1.1E4  0.6865295
1.1E4  0.6878153
1.1E4  0.709653
1.1E4  0.7473983
1.1E4  0.6112244
1.1E4  0.7673295
1.1E4  0.8203617
1.1E4  0.6282084
1.1E4  0.7892804
1.1E4  0.7115471
1.1E4  0.6591685
1.1E4  0.8076903
1.1E4  0.820012
1.1E4  0.94226
1.1E4  0.9286673
1.1E4  0.9241552
1.1E4  0.7726597
1.1E4  0.6007518
1.1E4  0.7138588
1.1E4  0.4863048
1.1E4  0.5724869
1.1E4  0.8693776
1.1E4  0.596206
1.1E4  0.6359345
1.1E4  0.6094
1.1E4  0.8353962
1.1E4  1.159445
1.1E4  0.9015424
1.1E4  0.4301214
1.1E4  0.5776685
1.1E4  0.4468906
1.1E4  0.7605142
1.1E4  0.748842
1.1E4  0.5272804
1.1E4  0.7532067
1.1E4  0.6187177
1.1E4  0.8165899
1.1E4  0.6469426
1.1E4  0.9720803
1.1E4  0.3295056
1.1E4  0.7295665
1.1E4  0.9139684
1.1E4  0.7393491
1.1E4  0.8487482
1.1E4  0.7701651
1.1E4  0.6228481
1.1E4  1.16063
1.1E4  0.8243911
1.1E4  0.489462
1.1E4  0.8614288
1.1E4  0.6187307
1.1E4  0.7501196
1.1E4  0.7224271
1.1E4  0.4804122
1.1E4  0.6403635
1.1E4  0.738824
1.1E4  0.6592122
1.1E4  0.3398532
1.1E4  0.564306
1.1E4  0.8894435
1.1E4  0.2216142
1.1E4  0.5868914
1.1E4  0.907673
1.1E4  0.7857558
1.1E4  0.7214407
1.1E4  0.4114493
1.1E4  0.6827636
1.1E4  0.7444822
1.1E4  0.654431
1.1E4  0.3931855
1.1E4  1.130389
1.1E4  0.8430749
1.1E4  0.7344134
1.1E4  0.6677771
1.1E4  0.3726968
1.1E4  0.7972492
1.1E4  0.7288675
1.1E4  0.6667133
1.1E4  0.7082126
1.1E4  0.8072399
1.1E4  0.797439
1.1E4  0.9941941
1.1E4  0.9574138
1.1E4  0.7037663
1.1E4  0.7486417
1.1E4  1.083568
1.1E4  0.9746991
1.1E4  0.6460536
1.1E4  0.7418101
1.1E4  0.8245694
1.1E4  0.6618619
1.1E4  0.6860251
1.1E4  0.8331956
1.1E4  0.7617397
1.1E4  0.6094705
1.1E4  0.9640778
1.1E4  0.5670658
1.1E4  0.6346238
1.1E4  0.7321979
1.1E4  0.6196947
1.1E4  1.080132
1.1E4  0.8139959
1.1E4  1.116717
1.1E4  0.7687068
1.1E4  0.4148817
1.1E4  0.7592987
1.1E4  0.5636024
1.1E4  0.5239097
1.1E4  0.8331019
1.1E4  0.6460184
1.1E4  0.5310355
1.1E4  0.4614827
1.1E4  0.759709
1.1E4  0.9765729
1.1E4  0.8565608
1.1E4  0.7678446
1.1E4  0.8105014
1.1E4  0.59455
1.1E4  0.8228784
1.1E4  0.5862743
1.1E4  0.9646135
1.1E4  0.8849853
1.1E4  0.7415608
1.1E4  0.6100584
1.2E4  0.6528755
1.2E4  0.6615904
1.2E4  0.7179154
1.2E4  0.6148189
1.2E4  0.5960672
1.2E4  0.6857195
1.2E4  0.7838067
1.2E4  0.5725213
1.2E4  1.004263
1.2E4  1.011784
1.2E4  0.9889955
1.2E4  0.730405
1.2E4  0.6417678
1.2E4  0.7041798
1.2E4  0.7211217
1.2E4  0.7531493
1.2E4  0.5122535
1.2E4  0.7324709
1.2E4  0.7260731
1.2E4  0.7396882
1.2E4  0.9061619
1.2E4  0.6835063
1.2E4  0.396901
1.2E4  0.9512262
1.2E4  0.9783098
1.2E4  0.8687872
1.2E4  0.898851
1.2E4  0.6763594
1.2E4  0.646736
1.2E4  0.6769901
1.2E4  0.8746235
1.2E4  0.6453519
1.2E4  0.5208535
1.2E4  0.7240967
1.2E4  0.6270638
1.2E4  0.7635902
1.2E4  0.8052354
1.2E4  0.6601488
1.2E4  0.7951447
1.2E4  0.8041956
1.2E4  0.6498684
1.2E4  0.5332792
1.2E4  0.3885101
1.2E4  0.578541
1.2E4  0.6947093
1.2E4  0.6493058
1.2E4  0.8012308
1.2E4  0.8708463
1.2E4  0.8444341
1.2E4  0.7982983
1.2E4  0.7105734
1.2E4  0.722901
1.2E4  0.7721694
1.2E4  0.4480621
1.2E4  0.4388631
1.2E4  0.4416238
1.2E4  0.5572054
1.2E4  0.8152328
1.2E4  0.7670254
1.2E4  0.6165606
1.2E4  0.6129043
1.2E4  0.5733561
1.2E4  0.7367775
1.2E4  0.6888658
1.2E4  0.7156476
1.2E4  0.7030776
1.2E4  0.9219927
1.2E4  0.7054703
1.2E4  0.8064804
1.2E4  0.8745387
1.2E4  0.8445746
1.2E4  0.6832983
1.2E4  0.7400632
1.2E4  0.8344207
1.2E4  0.9160323
1.2E4  1.038636
1.2E4  0.8881567
1.2E4  1.210657
1.2E4  1.077998
1.2E4  0.6451077
1.2E4  0.5736405
1.2E4  0.6107346
1.2E4  0.7497435
1.2E4  0.9031968
1.2E4  0.789803
1.2E4  0.8220208
1.2E4  0.8771874
1.2E4  0.7957579
1.2E4  0.6621009
1.2E4  0.6812021
1.2E4  0.7443821
1.2E4  0.8188678
1.2E4  1.055973
1.2E4  0.893998
1.2E4  0.4636893
1.2E4  0.6731138
1.2E4  0.9702958
1.2E4  0.6498496
1.2E4  0.8022176
1.2E4  0.6979033
1.2E4  0.8482264
1.2E4  0.8612455
1.2E4  0.6471622
1.2E4  0.7873242
1.2E4  0.833227
1.2E4  0.8594196
1.2E4  0.6912216
1.2E4  0.7823291
1.2E4  0.9933276
1.2E4  0.8266993
1.2E4  0.7430578
1.2E4  0.8640477
1.2E4  0.6442717
1.2E4  0.4880452
1.2E4  0.8238128
1.2E4  0.7019454
1.2E4  0.6010568
1.2E4  0.713914
1.2E4  0.8468555
1.2E4  0.5483015
1.2E4  0.6212359
1.2E4  0.8212879
1.2E4  0.7913503
1.2E4  0.7611399
1.2E4  0.6078468
1.2E4  0.5400864
1.2E4  0.8284475
1.2E4  0.8627626
1.2E4  0.7605856
1.2E4  0.6953158
1.2E4  0.7231046
1.2E4  0.9102941
1.2E4  0.7162536
1.2E4  0.6696412
1.2E4  0.8057566
1.2E4  0.6265571
1.2E4  0.8149899
1.2E4  0.9096075
1.2E4  0.6867201
1.2E4  0.6495245
1.2E4  0.5973741
1.2E4  0.7468542
1.2E4  1.052187
1.2E4  0.6701881
1.2E4  0.8107641
1.2E4  0.8409753
1.2E4  0.8773283
1.2E4  0.7513806
1.2E4  0.6894914
1.2E4  0.6440192
1.2E4  0.7668446
1.2E4  0.6114345
1.2E4  0.9163841
1.2E4  0.7626894
1.2E4  0.7126361
1.2E4  0.8931541
1.2E4  0.7534706
1.2E4  0.5856423
1.2E4  0.753327
1.2E4  0.6537747
1.2E4  0.8221512
1.2E4  0.5865498
1.2E4  0.724282
1.2E4  0.7919449
1.2E4  0.8479739
1.2E4  0.9941952
1.2E4  0.7659228
1.2E4  0.7888001
1.2E4  0.7437499
1.2E4  0.7282316
1.2E4  0.7139821
1.2E4  0.7795314
1.2E4  0.8004348
1.2E4  0.7646002
1.2E4  0.8889391
1.2E4  1.026052
1.2E4  0.9670545
1.2E4  0.7778472
1.2E4  0.8740853
1.2E4  1.02105
1.2E4  0.8446993
1.2E4  0.7553948
1.2E4  0.8609025
1.2E4  0.7566378
1.2E4  0.8836794
1.2E4  1.131915
1.2E4  0.8912085
1.2E4  0.645312
1.3E4  0.9038404
1.3E4  0.8614446
1.3E4  0.7916199
1.3E4  0.8057771
1.3E4  0.9757587
1.3E4  0.9114743
1.3E4  0.7317764
1.3E4  0.8511718
1.3E4  0.7299363
1.3E4  0.7511339
1.3E4  0.8138305
1.3E4  0.9807287
1.3E4  0.9647218
1.3E4  0.868843
1.3E4  1.051806
1.3E4  0.8264903
1.3E4  0.6383252
1.3E4  0.8446957
1.3E4  0.8127288
1.3E4  0.9995717
1.3E4  1.143693
1.3E4  0.886103
1.3E4  0.8464217
1.3E4  0.8908132
1.3E4  0.8539038
1.3E4  0.872771
1.3E4  0.7229193
1.3E4  0.8540036
1.3E4  0.7988333
1.3E4  0.8531072
1.3E4  0.8812167
1.3E4  0.8839923
1.3E4  0.7581997
1.3E4  0.7692301
1.3E4  0.7457415
1.3E4  0.9506039
1.3E4  0.9246755
1.3E4  0.9107635
1.3E4  0.7883045
1.3E4  0.8211065
1.3E4  0.8869668
1.3E4  0.8805811
1.3E4  0.8196769
1.3E4  0.8639727
1.3E4  0.741496
1.3E4  0.7329301
1.3E4  0.894448
1.3E4  0.9050404
1.3E4  0.7629852
1.3E4  0.8390502
1.3E4  1.16267
1.3E4  0.8514556
1.3E4  0.8714851
1.3E4  0.9414979
1.3E4  0.7581239
1.3E4  1.014799
1.3E4  0.8974827
1.3E4  0.6844146
1.3E4  0.8223415
1.3E4  1.01353
1.3E4  0.7996262
1.3E4  0.9203607
1.3E4  0.9608254
1.3E4  1.007484
1.3E4  0.928122
1.3E4  0.7300677
1.3E4  0.8946384
1.3E4  1.008567
1.3E4  0.8490101
1.3E4  0.8014791
1.3E4  0.8988971
1.3E4  0.9421932
1.3E4  0.9266701
1.3E4  0.9259484
1.3E4  0.9709477
1.3E4  0.8485461
1.3E4  0.8686239
1.3E4  0.9486837
1.3E4  0.9356409
1.3E4  0.8917916
1.3E4  0.9217005
1.3E4  0.767608
1.3E4  0.8539715
1.3E4  0.9482614
1.3E4  0.915413
1.3E4  0.9142048
1.3E4  0.928228
1.3E4  0.8583738
1.3E4  0.8341495
1.3E4  0.9302894
1.3E4  0.9005822
1.3E4  0.8612456
1.3E4  0.9158494
1.3E4  0.861077
1.3E4  0.8505042
1.3E4  1.03543
1.3E4  0.8401763
1.3E4  0.819913
1.3E4  0.8425912
1.3E4  0.8778418
1.3E4  0.97942
1.3E4  0.8365528
1.3E4  0.8190664
1.3E4  0.8994697
1.3E4  0.8901438
1.3E4  0.8978999
1.3E4  1.013126
1.3E4  0.9162375
1.3E4  1.020787
1.3E4  0.8691258
1.3E4  0.7700796
1.3E4  0.948498
1.3E4  0.899305
1.3E4  0.9974369
1.3E4  0.9528359
1.3E4  0.9659832
1.3E4  1.018254
1.3E4  0.7799548
1.3E4  0.9023517
1.3E4  0.9033083
1.3E4  0.8943375
1.3E4  0.9387631
1.3E4  0.9080626
1.3E4  0.9354086
1.3E4  0.9529842
1.3E4  0.9812763
1.3E4  0.7864844
1.3E4  0.8622484
1.3E4  0.9133345
1.3E4  0.9415523
1.3E4  0.9037529
1.3E4  0.8170069
1.3E4  0.8889036
1.3E4  0.9790751
1.3E4  0.8407241
1.3E4  0.7710762
1.3E4  0.8315437
1.3E4  0.9052828
1.3E4  0.9348485
1.3E4  0.8461242
1.3E4  0.9805738
1.3E4  0.9409814
1.3E4  0.9986534
1.3E4  0.988282
1.3E4  0.695504
1.3E4  0.8906814
1.3E4  0.8306841
1.3E4  1.066625
1.3E4  0.868385
1.3E4  0.8638248
1.3E4  0.7277995
1.3E4  1.026493
1.3E4  0.9747431
1.3E4  0.827206
1.3E4  0.9235175
1.3E4  0.8661871
1.3E4  1.051785
1.3E4  0.750641
1.3E4  0.9866324
1.3E4  0.8065212
1.3E4  1.078088
1.3E4  0.8917612
1.3E4  0.8188688
1.3E4  0.9326465
1.3E4  0.9080956
1.3E4  1.049862
1.3E4  0.9670245
1.3E4  0.6844455
1.3E4  1.047493
1.3E4  1.102972
1.3E4  0.8991848
1.3E4  0.9083755
1.3E4  0.9011001
1.3E4  0.8146912
1.3E4  0.961338
1.3E4  0.9430563
1.3E4  0.9250722
1.3E4  0.9285321
1.3E4  0.91315
1.3E4  1.0208
1.3E4  0.847795
1.3E4  0.9229627
1.3E4  1.078359
1.3E4  1.075083
1.3E4  1.156958
1.3E4  1.112378
1.3E4  1.092636
1.3E4  1.014697
1.4E4  0.8898627
1.4E4  0.8978771
1.4E4  1.031352
1.4E4  0.9846408
