3114.3994140625  967.95
3119.7948050499  709.3466
3125.1901960373  -1193.675
3130.58558702469  233.3187
3135.98097801209  116.418
3141.37636899948  34.7811
3146.77175998688  -15.56648
3152.16715097428  1.589995
3157.56254196167  9.448627
3162.95793294907  1.233144
3168.35332393647  -4.6078
3173.74871492386  -10.42463
3179.14410591126  -6.556222
3184.53949689865  12.86354
3189.93488788605  4.837613
3195.33027887345  13.54657
3200.72566986084  1.411007
3206.12106084824  2.957892
3211.51645183564  -5.646587
3216.91184282303  -0.6655736
3222.30723381043  -9.246346
3227.70262479782  1.172625
3233.09801578522  -0.5091646
3238.49340677262  -4.152546
3243.88879776001  -1.328518
3249.28418874741  -2.392028
3254.67957973481  -9.260669
3260.0749707222  -3.552205
3265.4703617096  -0.4393056
3270.86575269699  -1.614401
3276.26114368439  -1.711186
3281.65653467179  -2.102863
3287.05192565918  0.5420916
3292.44731664658  -0.5685042
3297.84270763398  -0.6809788
3303.23809862137  0.2232222
3308.63348960877  2.056876
3314.02888059616  -2.797675
3319.42427158356  1.269121
3324.81966257096  -2.918206
3330.21505355835  0.08773285
3335.61044454575  -0.5919099
3341.00583553315  0.7915006
3346.40122652054  -1.767798
3351.79661750794  0.9646558
3357.19200849533  4.249413
3362.58739948273  0.8764448
3367.98279047013  -0.4992685
3373.37818145752  -0.8000299
3378.77357244492  -1.350588
3384.16896343232  -0.1862175
3389.56435441971  0.2689799
3394.95974540711  0.08928835
3400.35513639451  0.3846333
3405.7505273819  -0.5627607
3411.1459183693  0.7071104
3416.54130935669  -0.9841543
3421.93670034409  0.4026814
3427.33209133149  3.115572
3432.72748231888  1.18978
3438.12287330628  1.257122
3443.51826429367  0.7613013
3448.91365528107  -0.891713
3454.30904626847  -0.008312109
3459.70443725586  1.345692
3465.09982824326  0.294406
3470.49521923066  0.1255906
3475.89061021805  0.820452
3481.28600120545  1.734674
3486.68139219285  0.161305
3492.07678318024  0.2493363
3497.47217416764  -0.1138392
3502.86756515503  -0.7209979
3508.26295614243  0.7882053
3513.65834712983  -0.8495452
3519.05373811722  0.5259311
3524.44912910462  0.3995149
3529.84452009201  -0.006541473
3535.23991107941  0.4523463
3540.63530206681  0.11212
3546.0306930542  1.085944
3551.4260840416  0.543389
3556.821475029  0.5413174
3562.21686601639  0.8481401
3567.61225700379  -0.1998571
3573.00764799119  0.3105387
3578.40303897858  0.5595245
3583.79842996598  1.156873
3589.19382095337  0.2079665
3594.58921194077  -0.2775182
3599.98460292817  1.194847
3605.37999391556  0.5081658
3610.77538490296  -0.08269119
3616.17077589036  0.5670071
3621.56616687775  0.3968525
3626.96155786515  0.6184123
3632.35694885254  0.7256102
3637.75233983994  0.6799715
3643.14773082734  0.279057
3648.54312181473  0.7110835
3653.93851280213  0.3923079
3659.33390378953  0.544013
3664.72929477692  0.3024392
3670.12468576432  0.7370126
3675.52007675171  0.4469109
3680.91546773911  0.4925615
3686.31085872651  0.9755486
3691.7062497139  0.4175089
3697.1016407013  0.6092919
3702.4970316887  0.07296772
3707.89242267609  0.591466
3713.28781366349  0.403789
3718.68320465088  0.6483861
3724.07859563828  0.8220752
3729.47398662568  0.7853254
3734.86937761307  0.8557919
3740.26476860047  0.8665058
3745.66015958787  0.6139348
3751.05555057526  0.7689741
3756.45094156266  0.6978856
3761.84633255005  0.4233032
3767.24172353745  0.8792412
3772.63711452485  0.4673697
3778.03250551224  0.5526201
3783.42789649964  0.5715646
3788.82328748704  0.3890232
3794.21867847443  0.5165166
3799.61406946183  0.8212938
3805.00946044922  0.5817172
3810.40485143662  0.3766657
3815.80024242402  0.5073439
3821.19563341141  0.5641294
3826.59102439881  0.5503731
3831.98641538621  0.6026335
3837.3818063736  0.5119244
3842.777197361  0.5449756
3848.17258834839  0.4872741
3853.56797933579  0.5178044
3858.96337032319  0.6800249
3864.35876131058  0.5335249
3869.75415229798  0.6428193
3875.14954328538  0.4917088
3880.54493427277  0.5775623
3885.94032526017  0.5778593
3891.33571624756  0.6789144
3896.73110723496  0.79414
3902.12649822236  0.5258669
3907.52188920975  0.6597908
3912.91728019715  0.7276559
3918.31267118455  0.8150179
3923.70806217194  0.6481684
3929.10345315934  0.5642359
3934.49884414673  0.4456233
3939.89423513413  0.8167794
3945.28962612153  0.8190359
3950.68501710892  0.6812492
3956.08040809632  0.7233971
3961.47579908372  0.7455299
3966.87119007111  0.7753509
3972.26658105851  0.6684491
3977.6619720459  0.7163901
3983.0573630333  0.7285698
3988.4527540207  0.6914545
3993.84814500809  0.720545
3999.24353599549  0.7567613
4004.63892698289  0.6733397
4010.03431797028  0.6074522
4015.42970895768  0.7012774
4020.82509994507  0.7432637
4026.22049093247  0.6555415
4031.61588191987  0.68095
4037.01127290726  0.7138565
4042.40666389466  0.7691863
4047.80205488206  0.657377
4053.19744586945  0.7601675
4058.59283685685  0.7181772
4063.98822784424  0.745198
4069.38361883164  0.6129152
4074.77900981904  0.7763442
4080.17440080643  0.6680253
4085.56979179383  0.7226187
4090.96518278123  0.6548947
4096.36057376862  0.7666003
4101.75596475602  0.7310961
4107.15135574341  0.7313559
4112.54674673081  0.7030718
4117.94213771821  0.7432351
4123.3375287056  0.7580181
4128.732919693  0.7439781
4134.1283106804  0.7956683
4139.52370166779  0.7730431
4144.91909265519  0.7536477
4150.31448364258  0.779757
4155.70987462998  0.7131217
4161.10526561738  0.7013214
4166.50065660477  0.8100318
4171.89604759217  0.8161008
4177.29143857957  0.7807699
4182.68682956696  0.7496499
4188.08222055436  0.778132
4193.47761154176  0.7498054
4198.87300252915  0.7479797
4204.26839351655  0.7633814
4209.66378450394  0.7306812
4215.05917549134  0.7620574
4220.45456647874  0.7010959
4225.84995746613  0.7377301
4231.24534845353  0.747284
4236.64073944093  0.6891559
4242.03613042832  0.8317376
4247.43152141572  0.7184094
4252.82691240311  0.7283316
4258.22230339051  0.7144523
4263.61769437791  0.7135823
4269.0130853653  0.7138904
4274.4084763527  0.6772022
4279.8038673401  0.6970999
4285.19925832749  0.8265536
4290.59464931489  0.7476031
4295.99004030228  0.7348207
4301.38543128968  0.7732949
4306.78082227708  0.8592597
4312.17621326447  0.7345901
4317.57160425187  0.7430357
4322.96699523926  0.8128486
4328.36238622666  0.8301445
4333.75777721406  0.8089526
4339.15316820145  0.7508647
4344.54855918885  0.7464589
4349.94395017625  0.7018138
4355.33934116364  0.7732176
4360.73473215104  0.7560338
4366.13012313843  0.7177801
4371.52551412583  0.8054486
4376.92090511323  0.8222191
4382.31629610062  0.808863
4387.71168708802  0.7811771
4393.10707807542  0.8025083
4398.50246906281  0.7931471
4403.89786005021  0.767607
4409.29325103761  0.7999924
4414.688642025  0.7928387
4420.0840330124  0.788861
4425.47942399979  0.7557058
4430.87481498719  0.7594894
4436.27020597459  0.8042591
4441.66559696198  0.8397394
4447.06098794938  0.8585932
4452.45637893678  0.8248691
4457.85176992417  0.8234423
4463.24716091157  0.8265936
4468.64255189896  0.828921
4474.03794288636  0.8260114
4479.43333387376  0.8614772
4484.82872486115  0.788336
4490.22411584855  0.8451855
4495.61950683594  0.8541018
4501.01489782334  0.8406635
4506.41028881074  0.8607157
4511.80567979813  0.8162619
4517.20107078553  0.7849963
4522.59646177293  0.8465009
4527.99185276032  0.7661998
4533.38724374772  0.8221538
4538.78263473512  0.8192696
4544.17802572251  0.8396325
4549.57341670991  0.8548101
4554.9688076973  0.820963
4560.3641986847  0.8248644
4565.7595896721  0.8225854
4571.15498065949  0.8225522
4576.55037164689  0.8095403
4581.94576263429  0.8002247
4587.34115362168  0.825063
4592.73654460908  0.9116557
4598.13193559647  0.8770259
4603.52732658387  0.9015617
4608.92271757127  0.8514335
4614.31810855866  0.8358822
4619.71349954606  0.8471901
4625.10889053346  0.8108463
4630.50428152085  0.8177189
4635.89967250825  0.8107032
4641.29506349564  0.8032743
4646.69045448304  0.8553257
4652.08584547044  0.8576782
4657.48123645783  0.8441095
4662.87662744523  0.8232554
4668.27201843263  0.8681108
4673.66740942002  0.8657526
4679.06280040742  0.8580662
4684.45819139481  0.8442659
4689.85358238221  0.8521396
4695.24897336961  0.8523889
4700.644364357  0.8510222
4706.0397553444  0.8430097
4711.4351463318  0.8899958
4716.83053731919  0.8592004
4722.22592830659  0.8349348
4727.62131929398  0.8745745
4733.01671028138  0.870674
4738.41210126878  0.9016299
4743.80749225617  0.9234555
4749.20288324357  0.9174183
4754.59827423097  0.9097642
4759.99366521836  0.8858743
4765.38905620576  0.8777928
4770.78444719316  0.8678372
4776.17983818055  0.8512826
4781.57522916795  0.8808037
4786.97062015534  0.8972185
4792.36601114274  0.8971088
4797.76140213014  0.9019653
4803.15679311753  0.8886732
4808.55218410493  0.8897865
4813.94757509232  0.8668826
4819.34296607972  0.9060588
4824.73835706712  0.8812789
4830.13374805451  0.9042818
4835.52913904191  0.8841716
4840.92453002931  0.8526132
4846.3199210167  0.8868937
4851.7153120041  0.9286414
4857.1107029915  0.9147612
4862.50609397889  0.9084156
4867.90148496629  0.9326073
4873.29687595368  0.9493704
4878.69226694108  0.9428633
4884.08765792848  0.9043051
4889.48304891587  0.881658
4894.87843990327  0.8865019
4900.27383089066  0.8872702
4905.66922187806  0.9312508
4911.06461286546  0.9049134
4916.46000385285  0.9140406
4921.85539484025  0.9085503
4927.25078582765  0.913479
4932.64617681504  0.9327096
4938.04156780244  0.9197843
4943.43695878983  0.9122518
4948.83234977723  0.919042
4954.22774076463  0.8945103
4959.62313175202  0.9271142
4965.01852273942  0.9062213
4970.41391372682  0.9349122
4975.80930471421  0.8953852
4981.20469570161  0.9057412
4986.600086689  0.9266844
4991.9954776764  0.8956117
4997.3908686638  0.9158999
5002.78625965119  0.9603307
5008.18165063859  0.9120561
5013.57704162599  0.9897063
5018.97243261338  0.922358
5024.36782360078  0.9597631
5029.76321458818  0.9185131
5035.15860557557  0.9274595
5040.55399656297  0.9409476
5045.94938755036  0.9505574
5051.34477853776  0.9245425
5056.74016952516  0.9447833
5062.13556051255  0.935347
5067.53095149995  0.9363376
5072.92634248734  0.9268597
5078.32173347474  0.9312811
5083.71712446214  0.9256818
5089.11251544954  0.944472
5094.50790643693  0.934123
5099.90329742433  0.8937061
5105.29868841172  0.9348181
5110.69407939912  0.9578601
5116.08947038652  0.9649779
5121.48486137391  0.9463813
5126.88025236131  0.9512993
5132.2756433487  0.9442163
5137.6710343361  0.925846
5143.0664253235  0.9386151
5148.46181631089  0.9158943
5153.85720729829  0.9379724
5159.25259828569  0.9246019
5164.64798927308  0.9687771
5170.04338026048  0.9866077
5175.43877124787  1.021256
5180.83416223527  0.9909965
5186.22955322267  0.951973
5191.62494421006  0.984426
5197.02033519746  0.9943781
5202.41572618486  1.000236
5207.81111717225  0.9587992
5213.20650815965  0.9934467
5218.60189914704  0.9979267
5223.99729013444  0.962743
5229.39268112184  0.9845399
5234.78807210923  0.982346
5240.18346309663  0.975065
5245.57885408403  0.9426194
5250.97424507142  0.9934672
5256.36963605882  0.970602
5261.76502704621  1.022316
5267.16041803361  1.016994
5272.55580902101  1.001064
5277.9512000084  1.002203
5283.3465909958  1.021068
5288.7419819832  1.00981
5294.13737297059  0.9831205
5299.53276395799  0.9857289
5304.92815494539  1.007697
5310.32354593278  0.9694467
5315.71893692018  0.9875405
5321.11432790757  0.9918416
5326.50971889497  0.9813485
5331.90510988237  0.9978061
5337.30050086976  1.015911
5342.69589185716  0.9773305
5348.09128284456  0.9878452
5353.48667383195  1.010666
5358.88206481935  1.00944
5364.27745580675  0.9963476
5369.67284679414  1.000864
5375.06823778154  0.9926345
5380.46362876893  1.007847
5385.85901975633  1.001868
5391.25441074373  0.9841416
5396.64980173112  0.9752147
5402.04519271852  0.968049
5407.44058370591  1.011509
5412.83597469331  1.030196
5418.23136568071  1.01111
5423.6267566681  1.002661
5429.0221476555  0.9915793
5434.4175386429  0.995133
5439.81292963029  1.028275
5445.20832061769  0.9953634
5450.60371160508  1.006878
5455.99910259248  1.005021
5461.39449357988  0.9823765
5466.78988456727  1.001049
5472.18527555467  1.02403
5477.58066654207  1.008175
5482.97605752946  1.014658
5488.37144851686  1.00741
5493.76683950425  1.007034
5499.16223049165  0.9998239
5504.55762147905  1.029764
5509.95301246644  1.046011
5515.34840345384  1.005828
5520.74379444124  0.9930931
5526.13918542863  1.008412
5531.53457641603  1.008713
5536.92996740342  1.039456
5542.32535839082  1.023416
5547.72074937822  1.001725
5553.11614036561  1.016539
5558.51153135301  1.051871
5563.90692234041  1.011314
5569.3023133278  1.051247
5574.6977043152  1.017802
5580.09309530259  1.054203
5585.48848628999  1.025196
5590.88387727739  1.017178
5596.27926826478  1.041896
5601.67465925218  1.029898
5607.07005023957  1.022449
5612.46544122697  1.039014
5617.86083221437  1.025499
5623.25622320176  1.045766
5628.65161418916  1.041991
5634.04700517656  1.052139
5639.44239616395  1.057506
5644.83778715135  1.047552
5650.23317813874  1.08701
5655.62856912614  1.046194
5661.02396011354  1.036339
5666.41935110093  1.062636
5671.81474208833  1.044307
5677.21013307573  1.043485
5682.60552406312  1.056936
5688.00091505052  1.050163
5693.39630603792  1.054237
5698.79169702531  1.047465
5704.18708801271  1.054538
5709.5824790001  1.040538
5714.9778699875  1.057982
5720.3732609749  1.070559
5725.76865196229  1.070331
5731.16404294969  1.072835
5736.55943393708  1.052163
5741.95482492448  1.069565
5747.35021591188  1.058379
5752.74560689927  1.07108
5758.14099788667  1.066733
5763.53638887407  1.079662
5768.93177986146  1.061157
5774.32717084886  1.069893
5779.72256183625  1.051455
5785.11795282365  1.078252
5790.51334381105  1.041255
5795.90873479844  1.071011
5801.30412578584  1.090372
5806.69951677324  1.069765
5812.09490776063  1.066847
5817.49029874803  1.08239
5822.88568973542  1.068393
5828.28108072282  1.103806
5833.67647171022  1.084241
5839.07186269761  1.079853
5844.46725368501  1.073972
5849.86264467241  1.075121
5855.2580356598  1.053936
5860.6534266472  1.075784
5866.0488176346  1.06025
5871.44420862199  1.053646
5876.83959960939  1.087341
5882.23499059678  1.067732
5887.63038158418  1.079044
5893.02577257158  1.088533
5898.42116355897  1.06871
5903.81655454637  1.065682
5909.21194553377  1.055581
5914.60733652116  1.067313
5920.00272750856  1.10877
5925.39811849595  1.092604
5930.79350948335  1.073113
5936.18890047075  1.084588
5941.58429145814  1.076412
5946.97968244554  1.080528
5952.37507343293  1.067021
5957.77046442033  1.065275
5963.16585540773  1.096424
5968.56124639512  1.079436
5973.95663738252  1.070112
5979.35202836992  1.089436
5984.74741935731  1.076855
5990.14281034471  1.086959
5995.5382013321  1.072391
6000.9335923195  1.064644
6006.3289833069  1.088565
6011.72437429429  1.102748
6017.11976528169  1.062842
6022.51515626909  1.087818
6027.91054725648  1.07579
6033.30593824388  1.093103
6038.70132923128  1.122376
6044.09672021867  1.116281
6049.49211120607  1.069422
6054.88750219346  1.081686
6060.28289318086  1.093626
6065.67828416826  1.064298
6071.07367515565  1.086089
6076.46906614305  1.105986
6081.86445713045  1.081143
6087.25984811784  1.107262
6092.65523910524  1.090827
6098.05063009264  1.076401
6103.44602108003  1.077091
6108.84141206743  1.077838
6114.23680305482  1.110622
6119.63219404222  1.093985
6125.02758502962  1.081517
6130.42297601701  1.079729
6135.81836700441  1.096788
6141.2137579918  1.077737
6146.6091489792  1.101558
6152.0045399666  1.101964
6157.39993095399  1.087292
6162.79532194139  1.131679
6168.19071292879  1.139564
6173.58610391618  1.127435
6178.98149490358  1.101759
6184.37688589097  1.102254
6189.77227687837  1.119132
6195.16766786577  1.121823
6200.56305885316  1.105251
6205.95844984056  1.091946
6211.35384082796  1.095132
6216.74923181535  1.132686
6222.14462280275  1.114804
6227.54001379015  1.091308
6232.93540477754  1.12527
6238.33079576494  1.119548
6243.72618675233  1.105521
6249.12157773973  1.11254
6254.51696872713  1.133991
6259.91235971452  1.119959
6265.30775070192  1.096407
6270.70314168931  1.133649
6276.09853267671  1.124716
6281.49392366411  1.119711
6286.8893146515  1.131293
6292.2847056389  1.128913
6297.6800966263  1.135325
6303.07548761369  1.113298
6308.47087860109  1.122981
6313.86626958848  1.116088
6319.26166057588  1.114138
6324.65705156328  1.129041
6330.05244255067  1.13969
6335.44783353807  1.11892
6340.84322452547  1.119399
6346.23861551286  1.105223
6351.63400650026  1.112267
6357.02939748766  1.12446
6362.42478847505  1.111215
6367.82017946245  1.122566
6373.21557044984  1.136224
6378.61096143724  1.131253
6384.00635242464  1.125137
6389.40174341203  1.131102
6394.79713439943  1.098191
6400.19252538683  1.135459
6405.58791637422  1.116368
6410.98330736162  1.13439
6416.37869834902  1.148202
6421.77408933641  1.142482
6427.16948032381  1.157462
6432.5648713112  1.148157
6437.9602622986  1.132838
6443.355653286  1.139228
6448.75104427339  1.156464
6454.14643526079  1.152413
6459.54182624818  1.137361
6464.93721723558  1.126457
6470.33260822298  1.134454
6475.72799921037  1.1691
6481.12339019777  1.15514
6486.51878118517  1.126984
6491.91417217256  1.113307
6497.30956315996  1.145703
6502.70495414735  1.162374
6508.10034513475  1.160291
6513.49573612215  1.163579
6518.89112710954  1.150624
6524.28651809694  1.143583
6529.68190908433  1.121175
6535.07730007173  1.139823
6540.47269105913  1.128379
6545.86808204652  1.165077
6551.26347303392  1.109893
6556.65886402132  1.161457
6562.05425500871  1.176899
6567.44964599611  1.182641
6572.84503698351  1.165099
6578.2404279709  1.183989
6583.6358189583  1.156997
6589.03120994569  1.151837
6594.42660093309  1.161159
6599.82199192049  1.146967
6605.21738290788  1.149523
6610.61277389528  1.122538
6616.00816488267  1.161914
6621.40355587007  1.174103
6626.79894685747  1.160869
6632.19433784486  1.169367
6637.58972883226  1.175621
6642.98511981966  1.16354
6648.38051080705  1.14313
6653.77590179445  1.155175
6659.17129278185  1.157089
6664.56668376924  1.163564
6669.96207475664  1.160782
6675.35746574403  1.204076
6680.75285673143  1.159471
6686.14824771883  1.162391
6691.54363870622  1.179515
6696.93902969362  1.191005
6702.33442068102  1.163534
6707.72981166841  1.159329
6713.12520265581  1.17823
6718.5205936432  1.153902
6723.9159846306  1.174617
6729.311375618  1.153802
6734.70676660539  1.171312
6740.10215759279  1.163882
6745.49754858018  1.161794
6750.89293956758  1.173472
6756.28833055498  1.156799
6761.68372154237  1.161719
6767.07911252977  1.143559
6772.47450351717  1.162284
6777.86989450456  1.173715
6783.26528549196  1.181023
6788.66067647936  1.173147
6794.05606746675  1.125058
6799.45145845415  1.14056
6804.84684944154  1.161799
6810.24224042894  1.162079
6815.63763141634  1.159504
6821.03302240373  1.167367
6826.42841339113  1.1782
6831.82380437853  1.167593
6837.21919536592  1.190281
6842.61458635332  1.158998
6848.00997734071  1.159836
6853.40536832811  1.151497
6858.80075931551  1.160355
6864.1961503029  1.144835
6869.5915412903  1.186647
6874.9869322777  1.192028
6880.38232326509  1.196355
6885.77771425249  1.219559
6891.17310523988  1.211343
6896.56849622728  1.179703
6901.96388721468  1.16842
6907.35927820207  1.181012
6912.75466918947  1.206761
6918.15006017687  1.205271
6923.54545116426  1.201526
6928.94084215166  1.15367
6934.33623313905  1.161191
6939.73162412645  1.182005
6945.12701511385  1.195871
6950.52240610124  1.198924
6955.91779708864  1.166293
6961.31318807604  1.201764
6966.70857906343  1.176995
6972.10397005083  1.202569
6977.49936103822  1.198281
6982.89475202562  1.159822
6988.29014301302  1.168649
6993.68553400041  1.192917
6999.08092498781  1.183342
7004.47631597521  1.158811
7009.8717069626  1.182302
7015.26709795  1.213229
7020.6624889374  1.167745
7026.05787992479  1.172963
7031.45327091219  1.179679
7036.84866189958  1.177112
7042.24405288698  1.181609
7047.63944387438  1.1837
7053.03483486177  1.171773
7058.43022584917  1.202941
7063.82561683656  1.190671
7069.22100782396  1.200965
7074.61639881136  1.209086
7080.01178979875  1.173236
7085.40718078615  1.196553
7090.80257177355  1.177088
7096.19796276094  1.178709
7101.59335374834  1.192977
7106.98874473573  1.196468
7112.38413572313  1.202172
7117.77952671053  1.197694
7123.17491769792  1.203735
7128.57030868532  1.214369
7133.96569967271  1.170948
7139.36109066011  1.178888
7144.75648164751  1.191792
7150.1518726349  1.199892
7155.5472636223  1.220598
7160.9426546097  1.200484
7166.33804559709  1.221353
7171.73343658449  1.2187
7177.12882757188  1.211138
7182.52421855928  1.203806
7187.91960954668  1.194472
7193.31500053407  1.203434
7198.71039152147  1.206101
7204.10578250887  1.228097
7209.50117349626  1.237028
7214.89656448366  1.217401
7220.29195547106  1.206095
7225.68734645845  1.242903
7231.08273744585  1.225967
7236.47812843324  1.20713
7241.87351942064  1.195186
7247.26891040804  1.208317
7252.66430139543  1.203369
7258.05969238283  1.193888
7263.45508337023  1.20329
7268.85047435762  1.213949
7274.24586534502  1.203933
7279.64125633241  1.213324
7285.03664731981  1.218283
7290.43203830721  1.200608
7295.8274292946  1.188916
7301.222820282  1.197321
7306.6182112694  1.223872
7312.01360225679  1.212149
7317.40899324419  1.195133
7322.80438423158  1.210764
7328.19977521898  1.187774
7333.59516620638  1.208325
7338.99055719377  1.23534
7344.38594818117  1.224449
7349.78133916856  1.202951
7355.17673015596  1.201078
7360.57212114336  1.203357
7365.96751213075  1.204241
7371.36290311815  1.187841
7376.75829410555  1.211413
7382.15368509294  1.210842
7387.54907608034  1.200904
7392.94446706774  1.203305
7398.33985805513  1.211306
7403.73524904253  1.232315
7409.13064002993  1.19556
7414.52603101732  1.19787
7419.92142200472  1.221947
7425.31681299211  1.211693
7430.71220397951  1.195638
7436.10759496691  1.225279
7441.5029859543  1.216961
7446.8983769417  1.232436
7452.29376792909  1.197343
7457.68915891649  1.202618
7463.08454990389  1.236422
7468.47994089128  1.200628
7473.87533187868  1.208685
7479.27072286608  1.183193
7484.66611385347  1.18494
7490.06150484087  1.212805
7495.45689582827  1.206503
7500.85228681566  1.230558
7506.24767780306  1.220551
7511.64306879045  1.180107
7517.03845977785  1.230148
7522.43385076525  1.195025
7527.82924175264  1.184143
7533.22463274004  1.237606
7538.62002372744  1.204037
7544.01541471483  1.229102
7549.41080570223  1.204824
7554.80619668962  1.214868
7560.20158767702  1.203076
7565.59697866442  1.211578
7570.99236965181  1.220815
7576.38776063921  1.233604
7581.78315162661  1.206604
7587.178542614  1.220104
7592.5739336014  1.220104
7597.96932458879  1.220815
7603.36471557619  1.221525
7608.76010656359  1.197367
7614.15549755098  1.205183
7619.55088853838  1.202341
7624.94627952578  1.22721
7630.34167051317  1.209454
7635.73706150057  1.220066
7641.13245248796  1.190414
7646.52784347536  1.197609
7651.92323446276  1.235783
7657.31862545015  1.236218
7662.71401643755  1.20598
7668.10940742495  1.214281
7673.50479841234  1.2117
7678.90018939974  1.19145
7684.29558038713  1.232598
7689.69097137453  1.173365
7695.08636236193  1.174264
7700.48175334932  1.188418
7705.87714433672  1.203538
7711.27253532412  1.183237
7716.66792631151  1.205175
7722.06331729891  1.163197
7727.4587082863  1.204813
7732.8540992737  1.172104
7738.2494902611  1.200291
7743.64488124849  1.179805
7749.04027223589  1.189515
7754.43566322329  1.191747
7759.83105421068  1.20463
7765.22644519808  1.20066
7770.62183618547  1.151087
7776.01722717287  1.18298
7781.41261816027  1.180719
7786.80800914766  1.194757
7792.20340013506  1.163202
7797.59879112246  1.182798
7802.99418210985  1.20315
7808.38957309725  1.161335
7813.78496408465  1.175154
7819.18035507204  1.16928
7824.57574605944  1.193227
7829.97113704683  1.19464
7835.36652803423  1.143274
7840.76191902163  1.162616
7846.15731000902  1.193607
7851.55270099642  1.205688
7856.94809198381  1.187863
7862.34348297121  1.185948
7867.73887395861  1.197513
7873.134264946  1.17942
7878.5296559334  1.186626
7883.9250469208  1.170681
7889.32043790819  1.194291
7894.71582889559  1.190073
7900.11121988298  1.175853
7905.50661087038  1.154886
7910.90200185778  1.199568
7916.29739284517  1.145251
7921.69278383257  1.155492
7927.08817481996  1.158424
7932.48356580736  1.157728
7937.87895679476  1.181156
7943.27434778216  1.167368
7948.66973876955  1.188473
7954.06512975695  1.181224
7959.46052074434  1.130104
7964.85591173174  1.127158
7970.25130271914  1.138489
7975.64669370653  1.150411
7981.04208469393  1.154773
7986.43747568133  1.151945
7991.83286666872  1.156048
7997.22825765612  1.160158
8002.62364864351  1.162517
8008.01903963091  1.167665
8013.41443061831  1.189793
8018.8098216057  1.196155
8024.2052125931  1.166389
8029.60060358049  1.139095
8034.99599456789  1.138093
8040.39138555529  1.182154
8045.78677654268  1.164931
8051.18216753008  1.135242
8056.57755851748  1.117223
8061.97294950487  1.154245
8067.36834049227  1.157221
8072.76373147966  1.153567
8078.15912246706  1.178988
8083.55451345446  1.131725
8088.94990444185  1.118884
8094.34529542925  1.166157
8099.74068641665  1.142495
8105.13607740404  1.096447
8110.53146839144  1.140451
8115.92685937884  1.151564
8121.32225036623  1.15658
8126.71764135363  1.152266
8132.11303234102  1.152324
8137.50842332842  1.157245
8142.90381431582  1.102536
8148.29920530321  1.150477
8153.69459629061  1.174671
8159.08998727801  1.137441
8164.4853782654  1.125297
8169.8807692528  1.159917
8175.27616024019  1.159407
8180.67155122759  1.15412
8186.06694221499  1.170184
8191.46233320238  1.171672
8196.85772418978  1.167206
8202.25311517718  1.140554
8207.64850616457  1.146852
8213.04389715197  1.143697
8218.43928813936  1.140672
8223.83467912676  1.124594
8229.23007011416  1.139099
8234.62546110155  1.143175
8240.02085208895  1.149824
8245.41624307635  1.129151
8250.81163406374  1.136627
8256.20702505114  1.10739
8261.60241603853  1.107656
8266.99780702593  1.119363
8272.39319801333  1.155321
8277.78858900072  1.163899
8283.18397998812  1.09652
8288.57937097552  1.118348
8293.97476196291  1.148092
8299.37015295031  1.139442
8304.7655439377  1.144935
8310.1609349251  1.13796
8315.5563259125  1.121351
8320.95171689989  1.131962
8326.34710788729  1.14828
8331.74249887469  1.150189
8337.13788986208  1.141614
8342.53328084948  1.106686
8347.92867183687  1.122785
8353.32406282427  1.115683
8358.71945381167  1.093578
8364.11484479906  1.092995
8369.51023578646  1.114581
8374.90562677386  1.117052
8380.30101776125  1.132968
8385.69640874865  1.133905
8391.09179973604  1.129857
8396.48719072344  1.090301
8401.88258171084  1.111172
8407.27797269823  1.109533
8412.67336368563  1.138616
8418.06875467302  1.120108
8423.46414566042  1.086702
8428.85953664782  1.136467
8434.25492763521  1.120162
8439.65031862261  1.100967
8445.04570961001  1.123857
8450.4411005974  1.062949
8455.8364915848  1.112986
8461.23188257219  1.13354
8466.62727355959  1.114288
8472.02266454699  1.073413
8477.41805553438  1.089016
8482.81344652178  1.114788
8488.20883750918  1.056327
8493.60422849657  1.064509
8498.99961948397  1.098254
8504.39501047137  1.07558
8509.79040145876  1.099051
8515.18579244616  1.05655
8520.58118343355  1.07544
8525.97657442095  1.050506
8531.37196540835  1.101761
8536.76735639574  1.097691
8542.16274738314  1.059527
8547.55813837054  1.1023
8552.95352935793  1.125895
8558.34892034533  1.100423
8563.74431133272  1.144919
8569.13970232012  1.108397
8574.53509330752  1.095536
8579.93048429491  1.105202
8585.32587528231  1.106856
8590.72126626971  1.099362
8596.1166572571  1.053558
8601.5120482445  1.096533
8606.90743923189  1.097291
8612.30283021929  1.079929
8617.69822120669  1.121149
8623.09361219408  1.092821
8628.48900318148  1.076943
8633.88439416888  1.03095
8639.27978515627  1.067903
8644.67517614367  1.080413
8650.07056713106  1.051021
8655.46595811846  1.049178
8660.86134910586  1.129008
8666.25674009325  1.105909
8671.65213108065  1.093997
8677.04752206805  1.104632
8682.44291305544  1.119952
8687.83830404284  1.1241
8693.23369503023  1.124765
8698.62908601763  1.10893
8704.02447700503  1.081153
8709.41986799242  1.080518
8714.81525897982  1.065049
8720.21064996722  1.092785
8725.60604095461  1.019718
8731.00143194201  1.080624
8736.3968229294  1.049002
8741.7922139168  1.073917
8747.1876049042  1.0818
8752.58299589159  1.038766
8757.97838687899  1.07523
8763.37377786639  1.081527
8768.76916885378  1.027892
8774.16455984118  1.097621
8779.55995082857  1.079904
8784.95534181597  1.112663
8790.35073280337  1.062144
8795.74612379076  1.089214
8801.14151477816  1.082525
8806.53690576555  1.083064
8811.93229675295  1.088076
8817.32768774035  1.057302
8822.72307872774  1.081695
8828.11846971514  1.102115
8833.51386070254  1.065086
8838.90925168993  1.066303
8844.30464267733  1.075274
8849.70003366473  1.045373
8855.09542465212  1.044173
8860.49081563952  1.082472
8865.88620662691  1.070959
8871.28159761431  1.073563
8876.67698860171  1.085521
8882.0723795891  1.055385
8887.4677705765  1.054268
8892.8631615639  1.093148
8898.25855255129  1.07962
8903.65394353869  1.061709
8909.04933452608  1.056113
8914.44472551348  1.070266
8919.84011650088  1.053896
8925.23550748827  1.050548
8930.63089847567  1.065555
8936.02628946307  1.077118
8941.42168045046  1.056852
8946.81707143786  1.050537
8952.21246242526  1.074872
8957.60785341265  1.082012
8963.00324440005  1.039234
8968.39863538744  1.049825
8973.79402637484  1.051498
8979.18941736224  1.034177
8984.58480834963  1.082419
8989.98019933703  1.063452
8995.37559032442  1.046258
9000.77098131182  1.045345
9006.16637229922  1.074359
9011.56176328661  1.057136
9016.95715427401  1.067662
9022.3525452614  1.052408
9027.7479362488  1.069317
9033.1433272362  1.051067
9038.53871822359  1.082348
9043.93410921099  1.070805
9049.32950019839  1.057989
9054.72489118579  1.057989
9060.12028217318  1.039733
9065.51567316058  1.0416
9070.91106414797  1.04446
9076.30645513537  1.057215
9081.70184612277  1.076219
9087.09723711016  1.041544
9092.49262809756  1.074658
9097.88801908495  1.048892
9103.28341007235  1.077335
9108.67880105975  1.079058
9114.07419204714  1.043232
9119.46958303454  1.036906
9124.86497402194  1.068778
9130.26036500933  1.053852
9135.65575599673  1.048914
9141.05114698412  1.063784
9146.44653797152  1.046748
9151.84192895892  1.056919
9157.23731994631  1.035666
9162.63271093371  1.040717
9168.02810192111  1.075673
9173.4234929085  1.027539
9178.8188838959  1.049921
9184.21427488329  1.032843
9189.60966587069  1.044015
9195.00505685809  1.039987
9200.40044784548  1.056499
9205.79583883288  1.05251
9211.19122982028  1.043818
9216.58662080767  1.040479
9221.98201179507  1.024629
9227.37740278246  1.044471
9232.77279376986  1.040007
9238.16818475726  1.05915
9243.56357574465  1.029896
9248.95896673205  1.053087
9254.35435771945  1.041563
9259.74974870684  1.093722
9265.14513969424  1.028522
9270.54053068163  1.038163
9275.93592166903  1.042888
9281.33131265643  1.066266
9286.72670364382  1.079262
9292.12209463122  1.029062
9297.51748561862  1.045405
9302.91287660601  1.032672
9308.30826759341  1.067325
9313.7036585808  1.070272
9319.0990495682  1.050928
9324.4944405556  1.06733
9329.88983154299  1.04783
9335.28522253039  1.045797
9340.68061351779  1.086161
9346.07600450518  0.9738865
9351.47139549258  0.9151075
9356.86678647997  1.022239
9362.26217746737  1.047119
9367.65756845477  0.9909796
9373.05295944216  1.040237
9378.44835042956  1.057388
9383.84374141696  1.02918
9389.23913240435  1.006112
9394.63452339175  1.030324
9400.02991437914  0.9723731
9405.42530536654  1.042117
9410.82069635394  1.077199
9416.21608734133  1.091847
9421.61147832873  1.050696
9427.00686931613  1.049668
9432.40226030352  1.172449
9437.79765129092  1.093629
9443.19304227831  1.028299
9448.58843326571  1.138981
9453.98382425311  1.040551
9459.3792152405  1.125837
9464.7746062279  1.093791
9470.1699972153  1.095867
9475.56538820269  1.103285
9480.96077919009  1.065131
9486.35617017748  1.058103
9491.75156116488  1.106894
9497.14695215228  1.044388
9502.54234313967  1.111513
9507.93773412707  1.128259
9513.33312511447  1.054521
9518.72851610186  1.071505
9524.12390708926  1.046263
9529.51929807665  1.091197
9534.91468906405  1.078399
9540.31008005145  1.119582
9545.70547103884  1.124025
9551.10086202624  1.008141
9556.49625301363  0.9993729
9561.89164400103  1.026399
9567.28703498843  1.041984
9572.68242597582  1.079999
9578.07781696322  1.064856
9583.47320795061  1.054395
9588.86859893801  1.050758
9594.26398992541  1.039601
9599.6593809128  1.010735
9605.0547719002  1.052007
9610.4501628876  1.074166
9615.84555387499  1.030748
9621.24094486239  1.044146
9626.63633584979  1.065801
9632.03172683718  1.02091
9637.42711782458  0.9965642
9642.82250881198  0.9927754
9648.21789979937  1.06109
9653.61329078677  1.05843
9659.00868177416  1.080971
9664.40407276156  1.099149
9669.79946374896  1.034979
9675.19485473635  1.037382
9680.59024572375  1.062023
9685.98563671115  0.9501136
9691.38102769854  1.007662
9696.77641868594  1.13275
9702.17180967333  1.012703
9707.56720066073  0.9876239
9712.96259164813  1.028695
9718.35798263552  1.112424
9723.75337362292  1.072923
9729.14876461032  0.999925
9734.54415559771  1.053891
9739.93954658511  1.057878
9745.33493757251  1.043841
9750.7303285599  1.055925
9756.1257195473  1.084765
9761.52111053469  1.058563
9766.91650152209  1.130014
9772.31189250949  1.121987
9777.70728349688  1.096721
9783.10267448428  1.116811
9788.49806547168  1.096331
9793.89345645907  1.087834
9799.28884744647  1.178097
9804.68423843386  1.122978
9810.07962942126  1.053028
9815.47502040866  1.096353
9820.87041139605  1.089782
9826.26580238345  1.07483
9831.66119337085  1.059693
9837.05658435824  1.066885
9842.45197534564  1.107128
9847.84736633303  1.074744
9853.24275732043  1.058029
9858.63814830783  1.01911
9864.03353929522  0.9854787
9869.42893028262  0.9992265
9874.82432127002  1.044113
9880.21971225741  1.110037
9885.61510324481  1.042084
9891.0104942322  1.038772
9896.4058852196  1.072755
9901.801276207  1.191875
9907.19666719439  1.273016
9912.59205818179  1.163962
9917.98744916918  0.9744143
9923.38284015658  1.071536
9928.77823114398  1.11257
9934.17362213137  1.235559
9939.56901311877  1.180891
9944.96440410616  1.105127
9950.35979509356  1.134639
9955.75518608096  1.024831
9961.15057706835  0.9670208
9966.54596805575  0.9631424
9971.94135904315  1.011867
9977.33675003054  1.041798
9982.73214101794  0.9671704
9988.12753200533  1.124588
9993.52292299273  1.004222
9998.91831398013  1.079041
10004.3137049675  1.153913
10009.7090959549  1.064582
10015.1044869423  1.046179
10020.4998779297  1.047255
10025.8952689171  1.055032
10031.2906599045  1.103794
10036.6860508919  1.036799
10042.0814418793  1.041123
10047.4768328667  0.9911801
10052.8722238541  0.9704081
10058.2676148415  1.022058
10063.6630058289  1.079859
10069.0583968163  1.016945
10074.4537878037  1.09608
10079.8491787911  1.161704
10085.2445697785  1.053536
10090.6399607659  1.020499
10096.0353517533  1.064954
10101.4307427407  1.034613
10106.8261337281  0.9629138
10112.2215247154  0.9670357
10117.6169157028  1.150387
10123.0123066902  1.013492
10128.4076976776  0.9357068
10133.803088665  0.9912481
10139.1984796524  0.9238322
10144.5938706398  0.9923569
10149.9892616272  1.01595
10155.3846526146  0.9708973
10160.780043602  1.136131
10166.1754345894  1.089296
10171.5708255768  1.155634
10176.9662165642  1.077545
10182.3616075516  1.238563
10187.756998539  1.214938
10193.1523895264  1.318185
10198.5477805138  1.125973
10203.9431715012  0.8479334
10209.3385624886  1.071549
10214.733953476  1.090956
10220.1293444634  0.8813581
10225.5247354508  0.8836936
10230.9201264382  1.177716
10236.3155174256  0.9716052
10241.710908413  1.092748
10247.1062994004  0.9373309
10252.5016903878  0.9238579
10257.8970813751  0.9033657
10263.2924723625  0.910921
10268.6878633499  0.9082998
10274.0832543373  0.851107
10279.4786453247  0.670101
10284.8740363121  0.982523
10290.2694272995  0.8409404
10295.6648182869  1.077843
10301.0602092743  0.8827378
10306.4556002617  0.8225453
10311.8509912491  1.161305
10317.2463822365  1.144653
10322.6417732239  1.111247
10328.0371642113  0.9806846
10333.4325551987  1.190746
10338.8279461861  1.367448
10344.2233371735  1.177805
10349.6187281609  1.191433
10355.0141191483  0.9506798
10360.4095101357  1.030015
10365.8049011231  1.01959
10371.2002921105  1.185568
10376.5956830979  1.100711
10381.9910740853  1.057046
10387.3864650727  0.9628347
10392.7818560601  1.065133
10398.1772470474  1.01694
10403.5726380348  0.9033784
10408.9680290222  0.865615
10414.3634200096  0.8237345
10419.758810997  1.154216
10425.1542019844  0.9098036
10430.5495929718  1.239197
10435.9449839592  1.069672
10441.3403749466  0.8147517
10446.735765934  0.7571916
10452.1311569214  1.102376
10457.5265479088  1.125128
10462.9219388962  1.109484
10468.3173298836  0.7631951
10473.712720871  0.9577971
10479.1081118584  1.113479
10484.5035028458  1.035696
10489.8988938332  0.93554
10495.2942848206  1.029201
10500.689675808  1.002136
10506.0850667954  1.194784
10511.4804577828  1.192978
10516.8758487702  1.028879
10522.2712397576  0.754289
10527.666630745  0.7755233
10533.0620217324  0.9041229
10538.4574127198  1.207109
10543.8528037072  1.441726
10549.2481946945  1.135392
10554.6435856819  0.6425545
10560.0389766693  0.8453757
10565.4343676567  1.34588
10570.8297586441  1.603703
10576.2251496315  0.5638177
10581.6205406189  0.9133925
10587.0159316063  1.426801
10592.4113225937  1.210275
10597.8067135811  1.266262
10603.2021045685  0.6568918
10608.5974955559  0.7999845
10613.9928865433  0.912737
10619.3882775307  0.8298623
10624.7836685181  0.6664718
10630.1790595055  0.71277
10635.5744504929  1.10142
10640.9698414803  0.8586097
10646.3652324677  1.049502
10651.7606234551  0.9409327
10657.1560144425  0.7307831
10662.5514054299  0.5582697
10667.9467964173  1.088359
10673.3421874047  0.8954306
10678.7375783921  0.8988165
10684.1329693795  1.392697
10689.5283603668  0.9974108
10694.9237513542  0.9199123
10700.3191423416  1.119357
10705.714533329  1.043976
10711.1099243164  1.086371
10716.5053153038  1.053805
10721.9007062912  0.7485439
10727.2960972786  1.36088
10732.691488266  0.8562457
10738.0868792534  0.8319929
10743.4822702408  1.095231
10748.8776612282  0.7056232
10754.2730522156  0.9590083
10759.668443203  0.4131027
10765.0638341904  0.958338
10770.4592251778  1.506819
10775.8546161652  1.566529
10781.2500071526  0.7634411
10786.64539814  1.481577
10792.0407891274  0.7136144
10797.4361801148  1.357648
10802.8315711022  1.051021
10808.2269620896  0.6179117
10813.622353077  0.4592002
10819.0177440644  1.164898
10824.4131350518  1.18998
10829.8085260392  1.386154
10835.2039170266  0.9604587
10840.5993080139  1.262143
10845.9946990013  1.52765
10851.3900899887  1.197252
10856.7854809761  1.364327
10862.1808719635  1.425789
10867.5762629509  0.6833587
10872.9716539383  0.9960341
10878.3670449257  0.6703253
10883.7624359131  0.7259204
10889.1578269005  1.114362
10894.5532178879  0.9492948
10899.9486088753  0.8974959
10905.3439998627  0.6416202
10910.7393908501  0.6010619
10916.1347818375  0.7049795
10921.5301728249  0.9540625
10926.9255638123  0.853649
10932.3209547997  1.017726
10937.7163457871  0.5183631
10943.1117367745  0.9394698
10948.5071277619  1.478455
10953.9025187493  0.653851
10959.2979097367  1.305816
10964.6933007241  1.033533
10970.0886917115  0.9050419
10975.4840826989  0.8088495
10980.8794736862  0.5023471
10986.2748646736  0.8753849
10991.670255661  1.170581
10997.0656466484  0.7705409
11002.4610376358  1.243319
11007.8564286232  1.010923
11013.2518196106  0.9876373
11018.647210598  1.123569
11024.0426015854  0.7916327
11029.4379925728  1.221925
11034.8333835602  1.048806
11040.2287745476  1.552196
11045.624165535  1.122524
11051.0195565224  0.7995167
11056.4149475098  0.5542526
11061.8103384972  1.097713
11067.2057294846  1.206275
11072.601120472  0.8591005
11077.9965114594  1.2429
11083.3919024468  0.9583828
11088.7872934342  0.9817759
11094.1826844216  1.327503
11099.578075409  1.034122
11104.9734663964  1.082969
11110.3688573838  1.32202
11115.7642483712  0.7076011
11121.1596393585  0.7304118
11126.5550303459  0.8287777
11131.9504213333  1.114205
11137.3458123207  0.9923247
11142.7412033081  0.8827416
11148.1365942955  0.384065
11153.5319852829  0.435859
11158.9273762703  0.8911647
11164.3227672577  0.9773479
11169.7181582451  1.476081
11175.1135492325  1.457213
11180.5089402199  0.505182
11185.9043312073  1.05223
11191.2997221947  1.16509
11196.6951131821  0.9000661
11202.0905041695  1.4424
11207.4858951569  1.277036
11212.8812861443  0.4204294
11218.2766771317  0.8296257
11223.6720681191  1.263201
11229.0674591065  0.2549113
11234.4628500939  0.3331837
11239.8582410813  0.6474411
11245.2536320687  0.8901724
11250.6490230561  0.4393215
11256.0444140435  1.246554
11261.4398050309  0.9142542
11266.8351960183  0.5092514
11272.2305870056  0.5792394
11277.625977993  1.244941
11283.0213689804  0.6753071
11288.4167599678  0.2622671
11293.8121509552  0.4145574
11299.2075419426  1.090221
11304.60293293  1.54821
11309.9983239174  1.128096
11315.3937149048  1.298574
11320.7891058922  1.259002
11326.1844968796  1.177406
11331.579887867  1.280962
11336.9752788544  0.7848014
11342.3706698418  1.76744
11347.7660608292  0.8967831
11353.1614518166  1.207144
11358.556842804  0.6668088
11363.9522337914  1.445317
11369.3476247788  0.697912
11374.7430157662  0.860154
11380.1384067536  0.3135877
11385.533797741  0.5696624
11390.9291887284  0.9318293
11396.3245797158  0.8717235
11401.7199707032  0.9095394
11407.1153616906  1.431996
11412.5107526779  0.8083972
11417.9061436653  -0.007949939
11423.3015346527  0.5779595
11428.6969256401  0.9711708
11434.0923166275  0.780454
11439.4877076149  1.02219
11444.8830986023  0.6550249
11450.2784895897  0.8566014
11455.6738805771  1.52367
11461.0692715645  0.8264797
11466.4646625519  0.7928479
11471.8600535393  0.8501322
11477.2554445267  1.057157
11482.6508355141  1.058735
11488.0462265015  1.13797
11493.4416174889  1.356893
11498.8370084763  1.105183
11504.2323994637  0.902837
11509.6277904511  1.311795
11515.0231814385  1.088011
11520.4185724259  0.9780912
11525.8139634133  1.045837
11531.2093544007  0.948383
11536.6047453881  0.9192054
11542.0001363755  0.6331244
11547.3955273629  1.435297
11552.7909183502  0.932892
11558.1863093376  0.8424058
11563.581700325  1.423791
11568.9770913124  0.8250079
11574.3724822998  0.6307496
11579.7678732872  0.6169966
11585.1632642746  0.9335623
11590.558655262  1.54349
11595.9540462494  1.508415
11601.3494372368  1.069109
11606.7448282242  0.6597275
11612.1402192116  0.4284341
11617.535610199  1.20968
11622.9310011864  0.8854922
11628.3263921738  1.026509
11633.7217831612  1.115186
11639.1171741486  0.584205
11644.512565136  1.214007
11649.9079561234  0.7969382
11655.3033471108  0.508738
11660.6987380982  0.9033669
11666.0941290856  0.5650173
11671.489520073  1.443741
11676.8849110604  1.394644
11682.2803020478  0.6005049
11687.6756930352  0.9442634
11693.0710840226  1.242572
11698.46647501  0.9779469
11703.8618659973  0.3363818
11709.2572569847  0.9873785
11714.6526479721  0.4014057
11720.0480389595  0.7014577
11725.4434299469  0.3804963
11730.8388209343  0.9303154
11736.2342119217  1.562447
11741.6296029091  1.418665
11747.0249938965  0.5755138
11752.4203848839  1.075008
11757.8157758713  0.4929361
11763.2111668587  0.8623434
11768.6065578461  0.3589009
11774.0019488335  0.9722878
11779.3973398209  0.817915
11784.7927308083  0.9680935
11790.1881217957  0.8526039
11795.5835127831  0.5213761
11800.9789037705  1.462003
11806.3742947579  0.9606816
11811.7696857453  1.226567
11817.1650767327  0.4304892
11822.5604677201  1.13465
11827.9558587075  1.214402
11833.3512496949  0.5505565
11838.7466406823  0.4638318
11844.1420316696  1.253864
11849.537422657  1.08415
11854.9328136444  1.117535
11860.3282046318  1.224718
11865.7235956192  0.7434231
11871.1189866066  0.4785637
11876.514377594  0.8596562
11881.9097685814  0.7976152
11887.3051595688  0.4923286
11892.7005505562  0.8599582
11898.0959415436  1.223414
11903.491332531  1.056571
11908.8867235184  0.7389693
11914.2821145058  0.9598954
11919.6775054932  1.232319
11925.0728964806  1.261419
11930.468287468  1.425203
11935.8636784554  0.6131792
11941.2590694428  0.770538
11946.6544604302  1.569602
11952.0498514176  1.332071
11957.445242405  0.5326517
11962.8406333924  0.6913202
11968.2360243798  0.9980434
11973.6314153672  1.018417
11979.0268063546  1.06689
11984.422197342  0.9523265
11989.8175883293  0.9021795
11995.2129793167  1.085872
12000.6083703041  0.6395888
12006.0037612915  0.8772119
12011.3991522789  0.4914947
12016.7945432663  0.7701737
12022.1899342537  0.5670521
12027.5853252411  1.11924
12032.9807162285  0.6425902
12038.3761072159  0.932577
12043.7714982033  1.633932
12049.1668891907  1.020605
12054.5622801781  0.5807461
12059.9576711655  0.867374
12065.3530621529  0.9319319
12070.7484531403  1.072251
12076.1438441277  0.9304013
12081.5392351151  1.102378
12086.9346261025  1.200714
12092.3300170899  1.255009
12097.7254080773  0.7528671
12103.1207990647  0.9568601
12108.5161900521  1.013171
12113.9115810395  0.5404352
12119.3069720269  1.067484
12124.7023630143  0.8812574
12130.0977540016  1.050517
12135.493144989  0.9826487
12140.8885359764  0.9360631
12146.2839269638  0.4929065
12151.6793179512  1.165091
12157.0747089386  0.9362844
12162.470099926  1.084614
12167.8654909134  0.9649389
12173.2608819008  0.3549081
12178.6562728882  0.9021643
12184.0516638756  0.9046656
12189.447054863  0.9860361
12194.8424458504  1.129746
12200.2378368378  0.7071524
12205.6332278252  0.8288498
12211.0286188126  0.9886266
12216.4240098  0.972194
12221.8194007874  0.9453241
12227.2147917748  0.8114271
12232.6101827622  0.8954003
12238.0055737496  0.8628466
12243.400964737  0.8255531
12248.7963557244  0.8355967
12254.1917467118  0.9471664
12259.5871376992  1.152266
12264.9825286866  1.123972
12270.377919674  0.9206117
12275.7733106613  0.8539787
12281.1687016487  0.573666
12286.5640926361  1.290846
12291.9594836235  1.418399
12297.3548746109  0.8557922
12302.7502655983  0.9730597
12308.1456565857  0.8975998
12313.5410475731  1.050657
12318.9364385605  1.395935
12324.3318295479  0.6593212
12329.7272205353  1.032503
12335.1226115227  1.061361
12340.5180025101  1.130853
12345.9133934975  1.065711
12351.3087844849  1.281265
12356.7041754723  1.089665
12362.0995664597  0.8738675
12367.4949574471  1.229534
12372.8903484345  1.051219
12378.2857394219  1.246577
12383.6811304093  0.565073
12389.0765213967  1.15325
12394.4719123841  1.315662
12399.8673033715  1.015432
12405.2626943589  1.018413
12410.6580853463  1.245697
12416.0534763337  1.093728
12421.448867321  1.179679
12426.8442583084  1.098649
12432.2396492958  1.400174
12437.6350402832  1.210479
12443.0304312706  1.165513
12448.425822258  1.106613
12453.8212132454  0.9359516
12459.2166042328  0.9533504
12464.6119952202  0.5548468
12470.0073862076  1.218517
12475.402777195  0.9725676
12480.7981681824  0.8596807
12486.1935591698  0.7970324
12491.5889501572  1.294234
12496.9843411446  1.505165
12502.379732132  0.9387637
12507.7751231194  0.7805516
12513.1705141068  0.6188539
12518.5659050942  1.042616
12523.9612960816  1.398182
12529.356687069  0.6559825
12534.7520780564  0.9705682
12540.1474690438  1.133406
12545.5428600312  0.7727497
12550.9382510186  1.022428
12556.333642006  1.3766
12561.7290329934  0.9023489
12567.1244239807  0.787406
12572.5198149681  0.9474058
12577.9152059555  0.6827663
12583.3105969429  1.175925
12588.7059879303  1.277078
12594.1013789177  0.8449591
12599.4967699051  1.129855
12604.8921608925  1.125553
12610.2875518799  0.9448231
12615.6829428673  1.260494
12621.0783338547  1.332558
12626.4737248421  1.017905
12631.8691158295  0.7731361
12637.2645068169  1.153096
12642.6598978043  1.013026
12648.0552887917  0.7694461
12653.4506797791  0.8326941
12658.8460707665  1.157447
12664.2414617539  0.8447964
12669.6368527413  0.8841568
12675.0322437287  1.309732
12680.4276347161  1.456261
12685.8230257035  1.176327
12691.2184166909  0.4749862
12696.6138076783  1.195058
12702.0091986657  0.9952791
12707.404589653  0.9485043
12712.7999806404  1.129004
12718.1953716278  1.505955
12723.5907626152  1.216188
12728.9861536026  0.9358059
12734.38154459  1.127808
12739.7769355774  1.398209
12745.1723265648  1.175021
12750.5677175522  1.267235
12755.9631085396  0.8436551
12761.358499527  0.9723777
12766.7538905144  1.100666
12772.1492815018  1.103311
12777.5446724892  1.002032
12782.9400634766  0.9704342
12788.335454464  1.265996
12793.7308454514  1.212421
12799.1262364388  1.390015
12804.5216274262  0.9510598
12809.9170184136  1.038752
12815.312409401  1.08102
12820.7078003884  1.026912
12826.1031913758  0.9618461
12831.4985823632  0.699932
12836.8939733506  0.9234862
12842.289364338  0.7569332
12847.6847553254  1.052906
12853.0801463128  1.380026
12858.4755373001  1.35139
12863.8709282875  0.8845513
12869.2663192749  0.71026
12874.6617102623  1.342533
12880.0571012497  0.9046812
12885.4524922371  1.032375
12890.8478832245  1.151275
12896.2432742119  0.7183214
12901.6386651993  0.7236964
12907.0340561867  0.5221154
12912.4294471741  1.102904
12917.8248381615  1.00142
12923.2202291489  0.4478093
12928.6156201363  0.9524955
12934.0110111237  1.116489
12939.4064021111  1.234639
12944.8017930985  0.9642245
12950.1971840859  1.201595
12955.5925750733  0.8597582
12960.9879660607  1.095339
12966.3833570481  0.9991551
12971.7787480355  1.026173
12977.1741390229  1.366541
12982.5695300103  1.021368
12987.9649209977  1.210739
12993.3603119851  1.405454
12998.7557029724  1.360492
13004.1510939598  0.8166872
13009.5464849472  1.194243
13014.9418759346  1.009851
13020.337266922  0.8473256
13025.7326579094  1.092704
13031.1280488968  0.8325411
13036.5234398842  0.9525601
13041.9188308716  1.124644
13047.314221859  0.8590262
13052.7096128464  0.8578897
13058.1050038338  0.8866774
13063.5003948212  1.213097
13068.8957858086  1.215831
13074.291176796  1.166323
13079.6865677834  0.9601098
13085.0819587708  1.052038
13090.4773497582  1.130625
13095.8727407456  0.841865
13101.268131733  1.105029
13106.6635227204  1.170029
13112.0589137078  1.080152
13117.4543046952  0.9245213
13122.8496956826  0.8125799
13128.24508667  0.9515097
13133.6404776574  0.9985228
13139.0358686447  0.9387911
13144.4312596321  0.872778
13149.8266506195  0.8994197
13155.2220416069  1.316919
13160.6174325943  0.7597267
13166.0128235817  0.771736
13171.4082145691  0.9179999
13176.8036055565  0.8405114
13182.1989965439  0.913348
13187.5943875313  0.8353455
13192.9897785187  0.8357323
13198.3851695061  0.959949
13203.7805604935  0.7083866
13209.1759514809  0.7012199
13214.5713424683  1.159171
13219.9667334557  0.8957992
13225.3621244431  0.9901177
13230.7575154305  1.069125
13236.1529064179  1.109603
13241.5482974053  1.13269
13246.9436883927  1.053359
13252.3390793801  1.291321
13257.7344703675  0.9945086
13263.1298613549  0.7126784
13268.5252523423  1.176443
13273.9206433297  1.414955
13279.3160343171  0.800918
13284.7114253044  0.7787411
13290.1068162918  1.055539
13295.5022072792  0.6719055
13300.8975982666  0.773867
13306.292989254  0.8421541
13311.6883802414  1.049302
13317.0837712288  1.027696
13322.4791622162  0.9359612
13327.8745532036  1.118866
13333.269944191  0.6810472
13338.6653351784  0.8052806
13344.0607261658  1.238559
13349.4561171532  1.170549
13354.8515081406  1.193024
13360.246899128  1.025081
13365.6422901154  0.858546
13371.0376811028  1.170504
13376.4330720902  1.359992
13381.8284630776  1.19627
13387.223854065  0.9069232
13392.6192450524  1.298282
13398.0146360398  1.112418
13403.4100270272  1.085627
13408.8054180146  0.9701473
13414.200809002  1.247343
13419.5961999894  0.8912981
13424.9915909768  1.137433
13430.3869819642  1.00048
13435.7823729515  1.169283
13441.1777639389  0.9398299
13446.5731549263  1.16587
13451.9685459137  0.9928465
13457.3639369011  1.309294
13462.7593278885  0.9519734
13468.1547188759  1.386268
13473.5501098633  1.085438
13478.9455008507  0.9003993
13484.3408918381  1.217748
13489.7362828255  0.8184479
13495.1316738129  0.9497375
13500.5270648003  1.149353
13505.9224557877  0.9894156
13511.3178467751  1.296354
13516.7132377625  1.060395
13522.1086287499  0.890506
13527.5040197373  1.036181
13532.8994107247  1.381204
13538.2948017121  1.322656
13543.6901926995  1.222584
13549.0855836869  1.02588
13554.4809746743  0.953225
13559.8763656617  0.9159528
13565.2717566491  1.035749
13570.6671476365  0.9751225
13576.0625386238  0.9704381
13581.4579296112  1.189859
13586.8533205986  0.8976596
13592.248711586  1.047924
13597.6441025734  1.215745
13603.0394935608  1.236288
13608.4348845482  1.268158
13613.8302755356  1.055289
13619.225666523  1.059068
13624.6210575104  1.161028
13630.0164484978  1.005759
13635.4118394852  0.908901
13640.8072304726  1.02452
13646.20262146  1.233772
13651.5980124474  1.036283
13656.9934034348  1.050318
13662.3887944222  1.580036
13667.7841854096  1.138766
13673.179576397  1.188809
13678.5749673844  1.112657
13683.9703583718  1.141029
13689.3657493592  0.9390041
13694.7611403466  1.120245
13700.156531334  1.361441
13705.5519223214  0.9376503
13710.9473133088  1.173599
13716.3427042962  1.111517
13721.7380952835  1.19917
13727.1334862709  1.265257
13732.5288772583  1.087233
13737.9242682457  1.286938
13743.3196592331  1.115826
13748.7150502205  1.278381
13754.1104412079  1.203048
13759.5058321953  0.9122901
13764.9012231827  1.145048
13770.2966141701  1.272033
13775.6920051575  1.176843
13781.0873961449  1.001969
13786.4827871323  0.8672357
13791.8781781197  0.9357567
13797.2735691071  1.293415
13802.6689600945  1.121587
13808.0643510819  0.7766957
13813.4597420693  1.025326
13818.8551330567  1.098698
13824.2505240441  1.033369
13829.6459150315  0.7682927
13835.0413060189  0.9323695
13840.4366970063  0.987844
13845.8320879937  1.126682
13851.2274789811  0.9780557
13856.6228699685  1.223322
13862.0182609558  1.43026
13867.4136519432  1.142367
13872.8090429306  1.041047
13878.204433918  1.057991
13883.5998249054  1.23363
13888.9952158928  1.063164
13894.3906068802  1.123176
13899.7859978676  1.1972
13905.181388855  0.9218335
13910.5767798424  0.9426179
13915.9721708298  1.404353
13921.3675618172  1.319896
13926.7629528046  1.384482
13932.158343792  1.152555
13937.5537347794  1.093127
13942.9491257668  1.124671
13948.3445167542  1.38935
13953.7399077416  0.9785942
13959.135298729  1.272431
13964.5306897164  1.068733
13969.9260807038  1.19438
13975.3214716912  1.07039
13980.7168626786  1.242591
13986.112253666  1.116006
13991.5076446534  1.154283
13996.9030356408  1.383328
14002.2984266282  1.168605
14007.6938176155  1.088559
14013.0892086029  1.018348
14018.4845995903  0.9756181
14023.8799905777  1.308318
14029.2753815651  1.054249
14034.6707725525  1.015323
14040.0661635399  1.168064
14045.4615545273  1.151722
14050.8569455147  1.076204
14056.2523365021  0.8824899
14061.6477274895  0.8556654
14067.0431184769  1.001988
14072.4385094643  1.226088
14077.8339004517  1.180018
14083.2292914391  1.242971
14088.6246824265  1.187441
14094.0200734139  1.14941
14099.4154644013  0.8381791
14104.8108553887  1.067835
14110.2062463761  1.23127
14115.6016373635  1.264028
14120.9970283509  1.087672
14126.3924193383  0.9879097
14131.7878103257  1.00309
